in_solved_state,step,is_list,id,type,color,x,y,x_vel,y_vel,angle,is_collision,kind,id_1,type_1,color_1,x_1,y_1,x_vel_1,y_vel_1,angle_1,id_2,type_2,color_2,x_2,y_2,x_vel_2,y_vel_2,angle_2,kind,id_1,type_1,color_1,x_1,y_1,x_vel_1,y_vel_1,angle_1,id_2,type_2,color_2,x_2,y_2,x_vel_2,y_vel_2,angle_2,kind,id_1,type_1,color_1,x_1,y_1,x_vel_1,y_vel_1,angle_1,id_2,type_2,color_2,x_2,y_2,x_vel_2,y_vel_2,angle_2,kind,id_1,type_1,color_1,x_1,y_1,x_vel_1,y_vel_1,angle_1,id_2,type_2,color_2,x_2,y_2,x_vel_2,y_vel_2,angle_2,kind,id_1,type_1,color_1,x_1,y_1,x_vel_1,y_vel_1,angle_1,id_2,type_2,color_2,x_2,y_2,x_vel_2,y_vel_2,angle_2,kind,id_1,type_1,color_1,x_1,y_1,x_vel_1,y_vel_1,angle_1,id_2,type_2,color_2,x_2,y_2,x_vel_2,y_vel_2,angle_2,kind,id_1,type_1,color_1,x_1,y_1,x_vel_1,y_vel_1,angle_1,id_2,type_2,color_2,x_2,y_2,x_vel_2,y_vel_2,angle_2,kind,id_1,type_1,color_1,x_1,y_1,x_vel_1,y_vel_1,angle_1,id_2,type_2,color_2,x_2,y_2,x_vel_2,y_vel_2,angle_2,kind,id_1,type_1,color_1,x_1,y_1,x_vel_1,y_vel_1,angle_1,id_2,type_2,color_2,x_2,y_2,x_vel_2,y_vel_2,angle_2,kind,id_1,type_1,color_1,x_1,y_1,x_vel_1,y_vel_1,angle_1,id_2,type_2,color_2,x_2,y_2,x_vel_2,y_vel_2,angle_2,kind,id_1,type_1,color_1,x_1,y_1,x_vel_1,y_vel_1,angle_1,id_2,type_2,color_2,x_2,y_2,x_vel_2,y_vel_2,angle_2,kind,id_1,type_1,color_1,x_1,y_1,x_vel_1,y_vel_1,angle_1,id_2,type_2,color_2,x_2,y_2,x_vel_2,y_vel_2,angle_2,kind,id_1,type_1,color_1,x_1,y_1,x_vel_1,y_vel_1,angle_1,id_2,type_2,color_2,x_2,y_2,x_vel_2,y_vel_2,angle_2,kind,id_1,type_1,color_1,x_1,y_1,x_vel_1,y_vel_1,angle_1,id_2,type_2,color_2,x_2,y_2,x_vel_2,y_vel_2,angle_2,kind,id_1,type_1,color_1,x_1,y_1,x_vel_1,y_vel_1,angle_1,id_2,type_2,color_2,x_2,y_2,x_vel_2,y_vel_2,angle_2,kind,id_1,type_1,color_1,x_1,y_1,x_vel_1,y_vel_1,angle_1,id_2,type_2,color_2,x_2,y_2,x_vel_2,y_vel_2,angle_2,kind,id_1,type_1,color_1,x_1,y_1,x_vel_1,y_vel_1,angle_1,id_2,type_2,color_2,x_2,y_2,x_vel_2,y_vel_2,angle_2,kind,id_1,type_1,color_1,x_1,y_1,x_vel_1,y_vel_1,angle_1,id_2,type_2,color_2,x_2,y_2,x_vel_2,y_vel_2,angle_2,kind,id_1,type_1,color_1,x_1,y_1,x_vel_1,y_vel_1,angle_1,id_2,type_2,color_2,x_2,y_2,x_vel_2,y_vel_2,angle_2,kind,id_1,type_1,color_1,x_1,y_1,x_vel_1,y_vel_1,angle_1,id_2,type_2,color_2,x_2,y_2,x_vel_2,y_vel_2,angle_2,kind,id_1,type_1,color_1,x_1,y_1,x_vel_1,y_vel_1,angle_1,id_2,type_2,color_2,x_2,y_2,x_vel_2,y_vel_2,angle_2,kind,id_1,type_1,color_1,x_1,y_1,x_vel_1,y_vel_1,angle_1,id_2,type_2,color_2,x_2,y_2,x_vel_2,y_vel_2,angle_2,kind,id_1,type_1,color_1,x_1,y_1,x_vel_1,y_vel_1,angle_1,id_2,type_2,color_2,x_2,y_2,x_vel_2,y_vel_2,angle_2,kind,id_1,type_1,color_1,x_1,y_1,x_vel_1,y_vel_1,angle_1,id_2,type_2,color_2,x_2,y_2,x_vel_2,y_vel_2,angle_2,kind,id_1,type_1,color_1,x_1,y_1,x_vel_1,y_vel_1,angle_1,id_2,type_2,color_2,x_2,y_2,x_vel_2,y_vel_2,angle_2,kind,id_1,type_1,color_1,x_1,y_1,x_vel_1,y_vel_1,angle_1,id_2,type_2,color_2,x_2,y_2,x_vel_2,y_vel_2,angle_2,kind,id_1,type_1,color_1,x_1,y_1,x_vel_1,y_vel_1,angle_1,id_2,type_2,color_2,x_2,y_2,x_vel_2,y_vel_2,angle_2,kind,id_1,type_1,color_1,x_1,y_1,x_vel_1,y_vel_1,angle_1,id_2,type_2,color_2,x_2,y_2,x_vel_2,y_vel_2,angle_2,kind,id_1,type_1,color_1,x_1,y_1,x_vel_1,y_vel_1,angle_1,id_2,type_2,color_2,x_2,y_2,x_vel_2,y_vel_2,angle_2,kind,id_1,type_1,color_1,x_1,y_1,x_vel_1,y_vel_1,angle_1,id_2,type_2,color_2,x_2,y_2,x_vel_2,y_vel_2,angle_2,kind,id_1,type_1,color_1,x_1,y_1,x_vel_1,y_vel_1,angle_1,id_2,type_2,color_2,x_2,y_2,x_vel_2,y_vel_2,angle_2,kind,id_1,type_1,color_1,x_1,y_1,x_vel_1,y_vel_1,angle_1,id_2,type_2,color_2,x_2,y_2,x_vel_2,y_vel_2,angle_2,kind,id_1,type_1,color_1,x_1,y_1,x_vel_1,y_vel_1,angle_1,id_2,type_2,color_2,x_2,y_2,x_vel_2,y_vel_2,angle_2,kind,id_1,type_1,color_1,x_1,y_1,x_vel_1,y_vel_1,angle_1,id_2,type_2,color_2,x_2,y_2,x_vel_2,y_vel_2,angle_2,kind,id_1,type_1,color_1,x_1,y_1,x_vel_1,y_vel_1,angle_1,id_2,type_2,color_2,x_2,y_2,x_vel_2,y_vel_2,angle_2,kind,id_1,type_1,color_1,x_1,y_1,x_vel_1,y_vel_1,angle_1,id_2,type_2,color_2,x_2,y_2,x_vel_2,y_vel_2,angle_2,kind,id_1,type_1,color_1,x_1,y_1,x_vel_1,y_vel_1,angle_1,id_2,type_2,color_2,x_2,y_2,x_vel_2,y_vel_2,angle_2,kind,id_1,type_1,color_1,x_1,y_1,x_vel_1,y_vel_1,angle_1,id_2,type_2,color_2,x_2,y_2,x_vel_2,y_vel_2,angle_2,kind,id_1,type_1,color_1,x_1,y_1,x_vel_1,y_vel_1,angle_1,id_2,type_2,color_2,x_2,y_2,x_vel_2,y_vel_2,angle_2,kind,id_1,type_1,color_1,x_1,y_1,x_vel_1,y_vel_1,angle_1,id_2,type_2,color_2,x_2,y_2,x_vel_2,y_vel_2,angle_2,kind,id_1,type_1,color_1,x_1,y_1,x_vel_1,y_vel_1,angle_1,id_2,type_2,color_2,x_2,y_2,x_vel_2,y_vel_2,angle_2,kind,id_1,type_1,color_1,x_1,y_1,x_vel_1,y_vel_1,angle_1,id_2,type_2,color_2,x_2,y_2,x_vel_2,y_vel_2,angle_2,kind,id_1,type_1,color_1,x_1,y_1,x_vel_1,y_vel_1,angle_1,id_2,type_2,color_2,x_2,y_2,x_vel_2,y_vel_2,angle_2,kind,id_1,type_1,color_1,x_1,y_1,x_vel_1,y_vel_1,angle_1,id_2,type_2,color_2,x_2,y_2,x_vel_2,y_vel_2,angle_2,kind,id_1,type_1,color_1,x_1,y_1,x_vel_1,y_vel_1,angle_1,id_2,type_2,color_2,x_2,y_2,x_vel_2,y_vel_2,angle_2,kind,id_1,type_1,color_1,x_1,y_1,x_vel_1,y_vel_1,angle_1,id_2,type_2,color_2,x_2,y_2,x_vel_2,y_vel_2,angle_2,kind,id_1,type_1,color_1,x_1,y_1,x_vel_1,y_vel_1,angle_1,id_2,type_2,color_2,x_2,y_2,x_vel_2,y_vel_2,angle_2,kind,id_1,type_1,color_1,x_1,y_1,x_vel_1,y_vel_1,angle_1,id_2,type_2,color_2,x_2,y_2,x_vel_2,y_vel_2,angle_2,kind,id_1,type_1,color_1,x_1,y_1,x_vel_1,y_vel_1,angle_1,id_2,type_2,color_2,x_2,y_2,x_vel_2,y_vel_2,angle_2,kind,id_1,type_1,color_1,x_1,y_1,x_vel_1,y_vel_1,angle_1,id_2,type_2,color_2,x_2,y_2,x_vel_2,y_vel_2,angle_2,kind,id_1,type_1,color_1,x_1,y_1,x_vel_1,y_vel_1,angle_1,id_2,type_2,color_2,x_2,y_2,x_vel_2,y_vel_2,angle_2,kind,id_1,type_1,color_1,x_1,y_1,x_vel_1,y_vel_1,angle_1,id_2,type_2,color_2,x_2,y_2,x_vel_2,y_vel_2,angle_2,kind,id_1,type_1,color_1,x_1,y_1,x_vel_1,y_vel_1,angle_1,id_2,type_2,color_2,x_2,y_2,x_vel_2,y_vel_2,angle_2,kind,id_1,type_1,color_1,x_1,y_1,x_vel_1,y_vel_1,angle_1,id_2,type_2,color_2,x_2,y_2,x_vel_2,y_vel_2,angle_2,kind,id_1,type_1,color_1,x_1,y_1,x_vel_1,y_vel_1,angle_1,id_2,type_2,color_2,x_2,y_2,x_vel_2,y_vel_2,angle_2,kind,id_1,type_1,color_1,x_1,y_1,x_vel_1,y_vel_1,angle_1,id_2,type_2,color_2,x_2,y_2,x_vel_2,y_vel_2,angle_2,kind,id_1,type_1,color_1,x_1,y_1,x_vel_1,y_vel_1,angle_1,id_2,type_2,color_2,x_2,y_2,x_vel_2,y_vel_2,angle_2,kind,id_1,type_1,color_1,x_1,y_1,x_vel_1,y_vel_1,angle_1,id_2,type_2,color_2,x_2,y_2,x_vel_2,y_vel_2,angle_2,kind,id_1,type_1,color_1,x_1,y_1,x_vel_1,y_vel_1,angle_1,id_2,type_2,color_2,x_2,y_2,x_vel_2,y_vel_2,angle_2,kind,id_1,type_1,color_1,x_1,y_1,x_vel_1,y_vel_1,angle_1,id_2,type_2,color_2,x_2,y_2,x_vel_2,y_vel_2,angle_2,kind,id_1,type_1,color_1,x_1,y_1,x_vel_1,y_vel_1,angle_1,id_2,type_2,color_2,x_2,y_2,x_vel_2,y_vel_2,angle_2,kind,id_1,type_1,color_1,x_1,y_1,x_vel_1,y_vel_1,angle_1,id_2,type_2,color_2,x_2,y_2,x_vel_2,y_vel_2,angle_2,kind,id_1,type_1,color_1,x_1,y_1,x_vel_1,y_vel_1,angle_1,id_2,type_2,color_2,x_2,y_2,x_vel_2,y_vel_2,angle_2,kind,id_1,type_1,color_1,x_1,y_1,x_vel_1,y_vel_1,angle_1,id_2,type_2,color_2,x_2,y_2,x_vel_2,y_vel_2,angle_2,kind,id_1,type_1,color_1,x_1,y_1,x_vel_1,y_vel_1,angle_1,id_2,type_2,color_2,x_2,y_2,x_vel_2,y_vel_2,angle_2,kind,id_1,type_1,color_1,x_1,y_1,x_vel_1,y_vel_1,angle_1,id_2,type_2,color_2,x_2,y_2,x_vel_2,y_vel_2,angle_2,kind,id_1,type_1,color_1,x_1,y_1,x_vel_1,y_vel_1,angle_1,id_2,type_2,color_2,x_2,y_2,x_vel_2,y_vel_2,angle_2,kind,id_1,type_1,color_1,x_1,y_1,x_vel_1,y_vel_1,angle_1,id_2,type_2,color_2,x_2,y_2,x_vel_2,y_vel_2,angle_2,kind,id_1,type_1,color_1,x_1,y_1,x_vel_1,y_vel_1,angle_1,id_2,type_2,color_2,x_2,y_2,x_vel_2,y_vel_2,angle_2,kind,id_1,type_1,color_1,x_1,y_1,x_vel_1,y_vel_1,angle_1,id_2,type_2,color_2,x_2,y_2,x_vel_2,y_vel_2,angle_2,kind,id_1,type_1,color_1,x_1,y_1,x_vel_1,y_vel_1,angle_1,id_2,type_2,color_2,x_2,y_2,x_vel_2,y_vel_2,angle_2,kind,id_1,type_1,color_1,x_1,y_1,x_vel_1,y_vel_1,angle_1,id_2,type_2,color_2,x_2,y_2,x_vel_2,y_vel_2,angle_2,kind,id_1,type_1,color_1,x_1,y_1,x_vel_1,y_vel_1,angle_1,id_2,type_2,color_2,x_2,y_2,x_vel_2,y_vel_2,angle_2,kind,id_1,type_1,color_1,x_1,y_1,x_vel_1,y_vel_1,angle_1,id_2,type_2,color_2,x_2,y_2,x_vel_2,y_vel_2,angle_2,kind,id_1,type_1,color_1,x_1,y_1,x_vel_1,y_vel_1,angle_1,id_2,type_2,color_2,x_2,y_2,x_vel_2,y_vel_2,angle_2,kind,id_1,type_1,color_1,x_1,y_1,x_vel_1,y_vel_1,angle_1,id_2,type_2,color_2,x_2,y_2,x_vel_2,y_vel_2,angle_2,kind,id_1,type_1,color_1,x_1,y_1,x_vel_1,y_vel_1,angle_1,id_2,type_2,color_2,x_2,y_2,x_vel_2,y_vel_2,angle_2,kind,id_1,type_1,color_1,x_1,y_1,x_vel_1,y_vel_1,angle_1,id_2,type_2,color_2,x_2,y_2,x_vel_2,y_vel_2,angle_2,kind,id_1,type_1,color_1,x_1,y_1,x_vel_1,y_vel_1,angle_1,id_2,type_2,color_2,x_2,y_2,x_vel_2,y_vel_2,angle_2,kind,id_1,type_1,color_1,x_1,y_1,x_vel_1,y_vel_1,angle_1,id_2,type_2,color_2,x_2,y_2,x_vel_2,y_vel_2,angle_2,kind,id_1,type_1,color_1,x_1,y_1,x_vel_1,y_vel_1,angle_1,id_2,type_2,color_2,x_2,y_2,x_vel_2,y_vel_2,angle_2,kind,id_1,type_1,color_1,x_1,y_1,x_vel_1,y_vel_1,angle_1,id_2,type_2,color_2,x_2,y_2,x_vel_2,y_vel_2,angle_2,kind,id_1,type_1,color_1,x_1,y_1,x_vel_1,y_vel_1,angle_1,id_2,type_2,color_2,x_2,y_2,x_vel_2,y_vel_2,angle_2,kind,id_1,type_1,color_1,x_1,y_1,x_vel_1,y_vel_1,angle_1,id_2,type_2,color_2,x_2,y_2,x_vel_2,y_vel_2,angle_2,kind,id_1,type_1,color_1,x_1,y_1,x_vel_1,y_vel_1,angle_1,id_2,type_2,color_2,x_2,y_2,x_vel_2,y_vel_2,angle_2,kind,id_1,type_1,color_1,x_1,y_1,x_vel_1,y_vel_1,angle_1,id_2,type_2,color_2,x_2,y_2,x_vel_2,y_vel_2,angle_2,kind,id_1,type_1,color_1,x_1,y_1,x_vel_1,y_vel_1,angle_1,id_2,type_2,color_2,x_2,y_2,x_vel_2,y_vel_2,angle_2,kind,id_1,type_1,color_1,x_1,y_1,x_vel_1,y_vel_1,angle_1,id_2,type_2,color_2,x_2,y_2,x_vel_2,y_vel_2,angle_2,kind,id_1,type_1,color_1,x_1,y_1,x_vel_1,y_vel_1,angle_1,id_2,type_2,color_2,x_2,y_2,x_vel_2,y_vel_2,angle_2,kind,id_1,type_1,color_1,x_1,y_1,x_vel_1,y_vel_1,angle_1,id_2,type_2,color_2,x_2,y_2,x_vel_2,y_vel_2,angle_2,kind,id_1,type_1,color_1,x_1,y_1,x_vel_1,y_vel_1,angle_1,id_2,type_2,color_2,x_2,y_2,x_vel_2,y_vel_2,angle_2,kind,id_1,type_1,color_1,x_1,y_1,x_vel_1,y_vel_1,angle_1,id_2,type_2,color_2,x_2,y_2,x_vel_2,y_vel_2,angle_2,kind,id_1,type_1,color_1,x_1,y_1,x_vel_1,y_vel_1,angle_1,id_2,type_2,color_2,x_2,y_2,x_vel_2,y_vel_2,angle_2,kind,id_1,type_1,color_1,x_1,y_1,x_vel_1,y_vel_1,angle_1,id_2,type_2,color_2,x_2,y_2,x_vel_2,y_vel_2,angle_2,kind,id_1,type_1,color_1,x_1,y_1,x_vel_1,y_vel_1,angle_1,id_2,type_2,color_2,x_2,y_2,x_vel_2,y_vel_2,angle_2,kind,id_1,type_1,color_1,x_1,y_1,x_vel_1,y_vel_1,angle_1,id_2,type_2,color_2,x_2,y_2,x_vel_2,y_vel_2,angle_2,kind,id_1,type_1,color_1,x_1,y_1,x_vel_1,y_vel_1,angle_1,id_2,type_2,color_2,x_2,y_2,x_vel_2,y_vel_2,angle_2,kind,id_1,type_1,color_1,x_1,y_1,x_vel_1,y_vel_1,angle_1,id_2,type_2,color_2,x_2,y_2,x_vel_2,y_vel_2,angle_2,kind,id_1,type_1,color_1,x_1,y_1,x_vel_1,y_vel_1,angle_1,id_2,type_2,color_2,x_2,y_2,x_vel_2,y_vel_2,angle_2,kind,id_1,type_1,color_1,x_1,y_1,x_vel_1,y_vel_1,angle_1,id_2,type_2,color_2,x_2,y_2,x_vel_2,y_vel_2,angle_2,kind,id_1,type_1,color_1,x_1,y_1,x_vel_1,y_vel_1,angle_1,id_2,type_2,color_2,x_2,y_2,x_vel_2,y_vel_2,angle_2,kind,id_1,type_1,color_1,x_1,y_1,x_vel_1,y_vel_1,angle_1,id_2,type_2,color_2,x_2,y_2,x_vel_2,y_vel_2,angle_2,kind,id_1,type_1,color_1,x_1,y_1,x_vel_1,y_vel_1,angle_1,id_2,type_2,color_2,x_2,y_2,x_vel_2,y_vel_2,angle_2,kind,id_1,type_1,color_1,x_1,y_1,x_vel_1,y_vel_1,angle_1,id_2,type_2,color_2,x_2,y_2,x_vel_2,y_vel_2,angle_2,kind,id_1,type_1,color_1,x_1,y_1,x_vel_1,y_vel_1,angle_1,id_2,type_2,color_2,x_2,y_2,x_vel_2,y_vel_2,angle_2,kind,id_1,type_1,color_1,x_1,y_1,x_vel_1,y_vel_1,angle_1,id_2,type_2,color_2,x_2,y_2,x_vel_2,y_vel_2,angle_2,kind,id_1,type_1,color_1,x_1,y_1,x_vel_1,y_vel_1,angle_1,id_2,type_2,color_2,x_2,y_2,x_vel_2,y_vel_2,angle_2,kind,id_1,type_1,color_1,x_1,y_1,x_vel_1,y_vel_1,angle_1,id_2,type_2,color_2,x_2,y_2,x_vel_2,y_vel_2,angle_2,kind,id_1,type_1,color_1,x_1,y_1,x_vel_1,y_vel_1,angle_1,id_2,type_2,color_2,x_2,y_2,x_vel_2,y_vel_2,angle_2,kind,id_1,type_1,color_1,x_1,y_1,x_vel_1,y_vel_1,angle_1,id_2,type_2,color_2,x_2,y_2,x_vel_2,y_vel_2,angle_2,kind,id_1,type_1,color_1,x_1,y_1,x_vel_1,y_vel_1,angle_1,id_2,type_2,color_2,x_2,y_2,x_vel_2,y_vel_2,angle_2,kind,id_1,type_1,color_1,x_1,y_1,x_vel_1,y_vel_1,angle_1,id_2,type_2,color_2,x_2,y_2,x_vel_2,y_vel_2,angle_2,kind,id_1,type_1,color_1,x_1,y_1,x_vel_1,y_vel_1,angle_1,id_2,type_2,color_2,x_2,y_2,x_vel_2,y_vel_2,angle_2,kind,id_1,type_1,color_1,x_1,y_1,x_vel_1,y_vel_1,angle_1,id_2,type_2,color_2,x_2,y_2,x_vel_2,y_vel_2,angle_2,kind,id_1,type_1,color_1,x_1,y_1,x_vel_1,y_vel_1,angle_1,id_2,type_2,color_2,x_2,y_2,x_vel_2,y_vel_2,angle_2,kind,id_1,type_1,color_1,x_1,y_1,x_vel_1,y_vel_1,angle_1,id_2,type_2,color_2,x_2,y_2,x_vel_2,y_vel_2,angle_2,kind,id_1,type_1,color_1,x_1,y_1,x_vel_1,y_vel_1,angle_1,id_2,type_2,color_2,x_2,y_2,x_vel_2,y_vel_2,angle_2,kind,id_1,type_1,color_1,x_1,y_1,x_vel_1,y_vel_1,angle_1,id_2,type_2,color_2,x_2,y_2,x_vel_2,y_vel_2,angle_2,kind,id_1,type_1,color_1,x_1,y_1,x_vel_1,y_vel_1,angle_1,id_2,type_2,color_2,x_2,y_2,x_vel_2,y_vel_2,angle_2,kind,id_1,type_1,color_1,x_1,y_1,x_vel_1,y_vel_1,angle_1,id_2,type_2,color_2,x_2,y_2,x_vel_2,y_vel_2,angle_2,kind,id_1,type_1,color_1,x_1,y_1,x_vel_1,y_vel_1,angle_1,id_2,type_2,color_2,x_2,y_2,x_vel_2,y_vel_2,angle_2,kind,id_1,type_1,color_1,x_1,y_1,x_vel_1,y_vel_1,angle_1,id_2,type_2,color_2,x_2,y_2,x_vel_2,y_vel_2,angle_2,kind,id_1,type_1,color_1,x_1,y_1,x_vel_1,y_vel_1,angle_1,id_2,type_2,color_2,x_2,y_2,x_vel_2,y_vel_2,angle_2,kind,id_1,type_1,color_1,x_1,y_1,x_vel_1,y_vel_1,angle_1,id_2,type_2,color_2,x_2,y_2,x_vel_2,y_vel_2,angle_2,kind,id_1,type_1,color_1,x_1,y_1,x_vel_1,y_vel_1,angle_1,id_2,type_2,color_2,x_2,y_2,x_vel_2,y_vel_2,angle_2,kind,id_1,type_1,color_1,x_1,y_1,x_vel_1,y_vel_1,angle_1,id_2,type_2,color_2,x_2,y_2,x_vel_2,y_vel_2,angle_2,kind,id_1,type_1,color_1,x_1,y_1,x_vel_1,y_vel_1,angle_1,id_2,type_2,color_2,x_2,y_2,x_vel_2,y_vel_2,angle_2,kind,id_1,type_1,color_1,x_1,y_1,x_vel_1,y_vel_1,angle_1,id_2,type_2,color_2,x_2,y_2,x_vel_2,y_vel_2,angle_2,kind,id_1,type_1,color_1,x_1,y_1,x_vel_1,y_vel_1,angle_1,id_2,type_2,color_2,x_2,y_2,x_vel_2,y_vel_2,angle_2,kind,id_1,type_1,color_1,x_1,y_1,x_vel_1,y_vel_1,angle_1,id_2,type_2,color_2,x_2,y_2,x_vel_2,y_vel_2,angle_2,kind,id_1,type_1,color_1,x_1,y_1,x_vel_1,y_vel_1,angle_1,id_2,type_2,color_2,x_2,y_2,x_vel_2,y_vel_2,angle_2,kind,id_1,type_1,color_1,x_1,y_1,x_vel_1,y_vel_1,angle_1,id_2,type_2,color_2,x_2,y_2,x_vel_2,y_vel_2,angle_2,kind,id_1,type_1,color_1,x_1,y_1,x_vel_1,y_vel_1,angle_1,id_2,type_2,color_2,x_2,y_2,x_vel_2,y_vel_2,angle_2,kind,id_1,type_1,color_1,x_1,y_1,x_vel_1,y_vel_1,angle_1,id_2,type_2,color_2,x_2,y_2,x_vel_2,y_vel_2,angle_2,kind,id_1,type_1,color_1,x_1,y_1,x_vel_1,y_vel_1,angle_1,id_2,type_2,color_2,x_2,y_2,x_vel_2,y_vel_2,angle_2,kind,id_1,type_1,color_1,x_1,y_1,x_vel_1,y_vel_1,angle_1,id_2,type_2,color_2,x_2,y_2,x_vel_2,y_vel_2,angle_2,kind,id_1,type_1,color_1,x_1,y_1,x_vel_1,y_vel_1,angle_1,id_2,type_2,color_2,x_2,y_2,x_vel_2,y_vel_2,angle_2,kind,id_1,type_1,color_1,x_1,y_1,x_vel_1,y_vel_1,angle_1,id_2,type_2,color_2,x_2,y_2,x_vel_2,y_vel_2,angle_2,kind,id_1,type_1,color_1,x_1,y_1,x_vel_1,y_vel_1,angle_1,id_2,type_2,color_2,x_2,y_2,x_vel_2,y_vel_2,angle_2,kind,id_1,type_1,color_1,x_1,y_1,x_vel_1,y_vel_1,angle_1,id_2,type_2,color_2,x_2,y_2,x_vel_2,y_vel_2,angle_2,kind,id_1,type_1,color_1,x_1,y_1,x_vel_1,y_vel_1,angle_1,id_2,type_2,color_2,x_2,y_2,x_vel_2,y_vel_2,angle_2,kind,id_1,type_1,color_1,x_1,y_1,x_vel_1,y_vel_1,angle_1,id_2,type_2,color_2,x_2,y_2,x_vel_2,y_vel_2,angle_2,kind,id_1,type_1,color_1,x_1,y_1,x_vel_1,y_vel_1,angle_1,id_2,type_2,color_2,x_2,y_2,x_vel_2,y_vel_2,angle_2,kind,id_1,type_1,color_1,x_1,y_1,x_vel_1,y_vel_1,angle_1,id_2,type_2,color_2,x_2,y_2,x_vel_2,y_vel_2,angle_2,kind,id_1,type_1,color_1,x_1,y_1,x_vel_1,y_vel_1,angle_1,id_2,type_2,color_2,x_2,y_2,x_vel_2,y_vel_2,angle_2,kind,id_1,type_1,color_1,x_1,y_1,x_vel_1,y_vel_1,angle_1,id_2,type_2,color_2,x_2,y_2,x_vel_2,y_vel_2,angle_2,kind,id_1,type_1,color_1,x_1,y_1,x_vel_1,y_vel_1,angle_1,id_2,type_2,color_2,x_2,y_2,x_vel_2,y_vel_2,angle_2,kind,id_1,type_1,color_1,x_1,y_1,x_vel_1,y_vel_1,angle_1,id_2,type_2,color_2,x_2,y_2,x_vel_2,y_vel_2,angle_2,kind,id_1,type_1,color_1,x_1,y_1,x_vel_1,y_vel_1,angle_1,id_2,type_2,color_2,x_2,y_2,x_vel_2,y_vel_2,angle_2,kind,id_1,type_1,color_1,x_1,y_1,x_vel_1,y_vel_1,angle_1,id_2,type_2,color_2,x_2,y_2,x_vel_2,y_vel_2,angle_2,kind,id_1,type_1,color_1,x_1,y_1,x_vel_1,y_vel_1,angle_1,id_2,type_2,color_2,x_2,y_2,x_vel_2,y_vel_2,angle_2,kind,id_1,type_1,color_1,x_1,y_1,x_vel_1,y_vel_1,angle_1,id_2,type_2,color_2,x_2,y_2,x_vel_2,y_vel_2,angle_2,kind,id_1,type_1,color_1,x_1,y_1,x_vel_1,y_vel_1,angle_1,id_2,type_2,color_2,x_2,y_2,x_vel_2,y_vel_2,angle_2,kind,id_1,type_1,color_1,x_1,y_1,x_vel_1,y_vel_1,angle_1,id_2,type_2,color_2,x_2,y_2,x_vel_2,y_vel_2,angle_2,kind,id_1,type_1,color_1,x_1,y_1,x_vel_1,y_vel_1,angle_1,id_2,type_2,color_2,x_2,y_2,x_vel_2,y_vel_2,angle_2,kind,id_1,type_1,color_1,x_1,y_1,x_vel_1,y_vel_1,angle_1,id_2,type_2,color_2,x_2,y_2,x_vel_2,y_vel_2,angle_2,kind,id_1,type_1,color_1,x_1,y_1,x_vel_1,y_vel_1,angle_1,id_2,type_2,color_2,x_2,y_2,x_vel_2,y_vel_2,angle_2,kind,id_1,type_1,color_1,x_1,y_1,x_vel_1,y_vel_1,angle_1,id_2,type_2,color_2,x_2,y_2,x_vel_2,y_vel_2,angle_2,kind,id_1,type_1,color_1,x_1,y_1,x_vel_1,y_vel_1,angle_1,id_2,type_2,color_2,x_2,y_2,x_vel_2,y_vel_2,angle_2,kind,id_1,type_1,color_1,x_1,y_1,x_vel_1,y_vel_1,angle_1,id_2,type_2,color_2,x_2,y_2,x_vel_2,y_vel_2,angle_2,kind,id_1,type_1,color_1,x_1,y_1,x_vel_1,y_vel_1,angle_1,id_2,type_2,color_2,x_2,y_2,x_vel_2,y_vel_2,angle_2,kind,id_1,type_1,color_1,x_1,y_1,x_vel_1,y_vel_1,angle_1,id_2,type_2,color_2,x_2,y_2,x_vel_2,y_vel_2,angle_2,kind,id_1,type_1,color_1,x_1,y_1,x_vel_1,y_vel_1,angle_1,id_2,type_2,color_2,x_2,y_2,x_vel_2,y_vel_2,angle_2,kind,id_1,type_1,color_1,x_1,y_1,x_vel_1,y_vel_1,angle_1,id_2,type_2,color_2,x_2,y_2,x_vel_2,y_vel_2,angle_2,kind,id_1,type_1,color_1,x_1,y_1,x_vel_1,y_vel_1,angle_1,id_2,type_2,color_2,x_2,y_2,x_vel_2,y_vel_2,angle_2,kind,id_1,type_1,color_1,x_1,y_1,x_vel_1,y_vel_1,angle_1,id_2,type_2,color_2,x_2,y_2,x_vel_2,y_vel_2,angle_2,kind,id_1,type_1,color_1,x_1,y_1,x_vel_1,y_vel_1,angle_1,id_2,type_2,color_2,x_2,y_2,x_vel_2,y_vel_2,angle_2,kind,id_1,type_1,color_1,x_1,y_1,x_vel_1,y_vel_1,angle_1,id_2,type_2,color_2,x_2,y_2,x_vel_2,y_vel_2,angle_2,kind,id_1,type_1,color_1,x_1,y_1,x_vel_1,y_vel_1,angle_1,id_2,type_2,color_2,x_2,y_2,x_vel_2,y_vel_2,angle_2,kind,id_1,type_1,color_1,x_1,y_1,x_vel_1,y_vel_1,angle_1,id_2,type_2,color_2,x_2,y_2,x_vel_2,y_vel_2,angle_2,kind,id_1,type_1,color_1,x_1,y_1,x_vel_1,y_vel_1,angle_1,id_2,type_2,color_2,x_2,y_2,x_vel_2,y_vel_2,angle_2,kind,id_1,type_1,color_1,x_1,y_1,x_vel_1,y_vel_1,angle_1,id_2,type_2,color_2,x_2,y_2,x_vel_2,y_vel_2,angle_2,kind,id_1,type_1,color_1,x_1,y_1,x_vel_1,y_vel_1,angle_1,id_2,type_2,color_2,x_2,y_2,x_vel_2,y_vel_2,angle_2,kind,id_1,type_1,color_1,x_1,y_1,x_vel_1,y_vel_1,angle_1,id_2,type_2,color_2,x_2,y_2,x_vel_2,y_vel_2,angle_2,kind,id_1,type_1,color_1,x_1,y_1,x_vel_1,y_vel_1,angle_1,id_2,type_2,color_2,x_2,y_2,x_vel_2,y_vel_2,angle_2,kind,id_1,type_1,color_1,x_1,y_1,x_vel_1,y_vel_1,angle_1,id_2,type_2,color_2,x_2,y_2,x_vel_2,y_vel_2,angle_2,kind,id_1,type_1,color_1,x_1,y_1,x_vel_1,y_vel_1,angle_1,id_2,type_2,color_2,x_2,y_2,x_vel_2,y_vel_2,angle_2,kind,id_1,type_1,color_1,x_1,y_1,x_vel_1,y_vel_1,angle_1,id_2,type_2,color_2,x_2,y_2,x_vel_2,y_vel_2,angle_2,kind,id_1,type_1,color_1,x_1,y_1,x_vel_1,y_vel_1,angle_1,id_2,type_2,color_2,x_2,y_2,x_vel_2,y_vel_2,angle_2,kind,id_1,type_1,color_1,x_1,y_1,x_vel_1,y_vel_1,angle_1,id_2,type_2,color_2,x_2,y_2,x_vel_2,y_vel_2,angle_2,kind,id_1,type_1,color_1,x_1,y_1,x_vel_1,y_vel_1,angle_1,id_2,type_2,color_2,x_2,y_2,x_vel_2,y_vel_2,angle_2,kind,id_1,type_1,color_1,x_1,y_1,x_vel_1,y_vel_1,angle_1,id_2,type_2,color_2,x_2,y_2,x_vel_2,y_vel_2,angle_2,kind,id_1,type_1,color_1,x_1,y_1,x_vel_1,y_vel_1,angle_1,id_2,type_2,color_2,x_2,y_2,x_vel_2,y_vel_2,angle_2,kind,id_1,type_1,color_1,x_1,y_1,x_vel_1,y_vel_1,angle_1,id_2,type_2,color_2,x_2,y_2,x_vel_2,y_vel_2,angle_2,kind,id_1,type_1,color_1,x_1,y_1,x_vel_1,y_vel_1,angle_1,id_2,type_2,color_2,x_2,y_2,x_vel_2,y_vel_2,angle_2,kind,id_1,type_1,color_1,x_1,y_1,x_vel_1,y_vel_1,angle_1,id_2,type_2,color_2,x_2,y_2,x_vel_2,y_vel_2,angle_2,kind,id_1,type_1,color_1,x_1,y_1,x_vel_1,y_vel_1,angle_1,id_2,type_2,color_2,x_2,y_2,x_vel_2,y_vel_2,angle_2,kind,id_1,type_1,color_1,x_1,y_1,x_vel_1,y_vel_1,angle_1,id_2,type_2,color_2,x_2,y_2,x_vel_2,y_vel_2,angle_2,kind,id_1,type_1,color_1,x_1,y_1,x_vel_1,y_vel_1,angle_1,id_2,type_2,color_2,x_2,y_2,x_vel_2,y_vel_2,angle_2,kind,id_1,type_1,color_1,x_1,y_1,x_vel_1,y_vel_1,angle_1,id_2,type_2,color_2,x_2,y_2,x_vel_2,y_vel_2,angle_2,kind,id_1,type_1,color_1,x_1,y_1,x_vel_1,y_vel_1,angle_1,id_2,type_2,color_2,x_2,y_2,x_vel_2,y_vel_2,angle_2,kind,id_1,type_1,color_1,x_1,y_1,x_vel_1,y_vel_1,angle_1,id_2,type_2,color_2,x_2,y_2,x_vel_2,y_vel_2,angle_2,kind,id_1,type_1,color_1,x_1,y_1,x_vel_1,y_vel_1,angle_1,id_2,type_2,color_2,x_2,y_2,x_vel_2,y_vel_2,angle_2,kind,id_1,type_1,color_1,x_1,y_1,x_vel_1,y_vel_1,angle_1,id_2,type_2,color_2,x_2,y_2,x_vel_2,y_vel_2,angle_2,kind,id_1,type_1,color_1,x_1,y_1,x_vel_1,y_vel_1,angle_1,id_2,type_2,color_2,x_2,y_2,x_vel_2,y_vel_2,angle_2,kind,id_1,type_1,color_1,x_1,y_1,x_vel_1,y_vel_1,angle_1,id_2,type_2,color_2,x_2,y_2,x_vel_2,y_vel_2,angle_2,kind,id_1,type_1,color_1,x_1,y_1,x_vel_1,y_vel_1,angle_1,id_2,type_2,color_2,x_2,y_2,x_vel_2,y_vel_2,angle_2,kind,id_1,type_1,color_1,x_1,y_1,x_vel_1,y_vel_1,angle_1,id_2,type_2,color_2,x_2,y_2,x_vel_2,y_vel_2,angle_2,kind,id_1,type_1,color_1,x_1,y_1,x_vel_1,y_vel_1,angle_1,id_2,type_2,color_2,x_2,y_2,x_vel_2,y_vel_2,angle_2,kind,id_1,type_1,color_1,x_1,y_1,x_vel_1,y_vel_1,angle_1,id_2,type_2,color_2,x_2,y_2,x_vel_2,y_vel_2,angle_2,kind,id_1,type_1,color_1,x_1,y_1,x_vel_1,y_vel_1,angle_1,id_2,type_2,color_2,x_2,y_2,x_vel_2,y_vel_2,angle_2,kind,id_1,type_1,color_1,x_1,y_1,x_vel_1,y_vel_1,angle_1,id_2,type_2,color_2,x_2,y_2,x_vel_2,y_vel_2,angle_2,kind,id_1,type_1,color_1,x_1,y_1,x_vel_1,y_vel_1,angle_1,id_2,type_2,color_2,x_2,y_2,x_vel_2,y_vel_2,angle_2,kind,id_1,type_1,color_1,x_1,y_1,x_vel_1,y_vel_1,angle_1,id_2,type_2,color_2,x_2,y_2,x_vel_2,y_vel_2,angle_2,kind,id_1,type_1,color_1,x_1,y_1,x_vel_1,y_vel_1,angle_1,id_2,type_2,color_2,x_2,y_2,x_vel_2,y_vel_2,angle_2,kind,id_1,type_1,color_1,x_1,y_1,x_vel_1,y_vel_1,angle_1,id_2,type_2,color_2,x_2,y_2,x_vel_2,y_vel_2,angle_2,kind,id_1,type_1,color_1,x_1,y_1,x_vel_1,y_vel_1,angle_1,id_2,type_2,color_2,x_2,y_2,x_vel_2,y_vel_2,angle_2,kind,id_1,type_1,color_1,x_1,y_1,x_vel_1,y_vel_1,angle_1,id_2,type_2,color_2,x_2,y_2,x_vel_2,y_vel_2,angle_2,kind,id_1,type_1,color_1,x_1,y_1,x_vel_1,y_vel_1,angle_1,id_2,type_2,color_2,x_2,y_2,x_vel_2,y_vel_2,angle_2,kind,id_1,type_1,color_1,x_1,y_1,x_vel_1,y_vel_1,angle_1,id_2,type_2,color_2,x_2,y_2,x_vel_2,y_vel_2,angle_2,kind,id_1,type_1,color_1,x_1,y_1,x_vel_1,y_vel_1,angle_1,id_2,type_2,color_2,x_2,y_2,x_vel_2,y_vel_2,angle_2,kind,id_1,type_1,color_1,x_1,y_1,x_vel_1,y_vel_1,angle_1,id_2,type_2,color_2,x_2,y_2,x_vel_2,y_vel_2,angle_2,kind,id_1,type_1,color_1,x_1,y_1,x_vel_1,y_vel_1,angle_1,id_2,type_2,color_2,x_2,y_2,x_vel_2,y_vel_2,angle_2,kind,id_1,type_1,color_1,x_1,y_1,x_vel_1,y_vel_1,angle_1,id_2,type_2,color_2,x_2,y_2,x_vel_2,y_vel_2,angle_2,kind,id_1,type_1,color_1,x_1,y_1,x_vel_1,y_vel_1,angle_1,id_2,type_2,color_2,x_2,y_2,x_vel_2,y_vel_2,angle_2,kind,id_1,type_1,color_1,x_1,y_1,x_vel_1,y_vel_1,angle_1,id_2,type_2,color_2,x_2,y_2,x_vel_2,y_vel_2,angle_2,kind,id_1,type_1,color_1,x_1,y_1,x_vel_1,y_vel_1,angle_1,id_2,type_2,color_2,x_2,y_2,x_vel_2,y_vel_2,angle_2,kind,id_1,type_1,color_1,x_1,y_1,x_vel_1,y_vel_1,angle_1,id_2,type_2,color_2,x_2,y_2,x_vel_2,y_vel_2,angle_2,kind,id_1,type_1,color_1,x_1,y_1,x_vel_1,y_vel_1,angle_1,id_2,type_2,color_2,x_2,y_2,x_vel_2,y_vel_2,angle_2,kind,id_1,type_1,color_1,x_1,y_1,x_vel_1,y_vel_1,angle_1,id_2,type_2,color_2,x_2,y_2,x_vel_2,y_vel_2,angle_2,kind,id_1,type_1,color_1,x_1,y_1,x_vel_1,y_vel_1,angle_1,id_2,type_2,color_2,x_2,y_2,x_vel_2,y_vel_2,angle_2,kind,id_1,type_1,color_1,x_1,y_1,x_vel_1,y_vel_1,angle_1,id_2,type_2,color_2,x_2,y_2,x_vel_2,y_vel_2,angle_2,kind,id_1,type_1,color_1,x_1,y_1,x_vel_1,y_vel_1,angle_1,id_2,type_2,color_2,x_2,y_2,x_vel_2,y_vel_2,angle_2,kind,id_1,type_1,color_1,x_1,y_1,x_vel_1,y_vel_1,angle_1,id_2,type_2,color_2,x_2,y_2,x_vel_2,y_vel_2,angle_2,kind,id_1,type_1,color_1,x_1,y_1,x_vel_1,y_vel_1,angle_1,id_2,type_2,color_2,x_2,y_2,x_vel_2,y_vel_2,angle_2,kind,id_1,type_1,color_1,x_1,y_1,x_vel_1,y_vel_1,angle_1,id_2,type_2,color_2,x_2,y_2,x_vel_2,y_vel_2,angle_2,kind,id_1,type_1,color_1,x_1,y_1,x_vel_1,y_vel_1,angle_1,id_2,type_2,color_2,x_2,y_2,x_vel_2,y_vel_2,angle_2,kind,id_1,type_1,color_1,x_1,y_1,x_vel_1,y_vel_1,angle_1,id_2,type_2,color_2,x_2,y_2,x_vel_2,y_vel_2,angle_2,kind,id_1,type_1,color_1,x_1,y_1,x_vel_1,y_vel_1,angle_1,id_2,type_2,color_2,x_2,y_2,x_vel_2,y_vel_2,angle_2,kind,id_1,type_1,color_1,x_1,y_1,x_vel_1,y_vel_1,angle_1,id_2,type_2,color_2,x_2,y_2,x_vel_2,y_vel_2,angle_2,kind,id_1,type_1,color_1,x_1,y_1,x_vel_1,y_vel_1,angle_1,id_2,type_2,color_2,x_2,y_2,x_vel_2,y_vel_2,angle_2,kind,id_1,type_1,color_1,x_1,y_1,x_vel_1,y_vel_1,angle_1,id_2,type_2,color_2,x_2,y_2,x_vel_2,y_vel_2,angle_2,kind,id_1,type_1,color_1,x_1,y_1,x_vel_1,y_vel_1,angle_1,id_2,type_2,color_2,x_2,y_2,x_vel_2,y_vel_2,angle_2,kind,id_1,type_1,color_1,x_1,y_1,x_vel_1,y_vel_1,angle_1,id_2,type_2,color_2,x_2,y_2,x_vel_2,y_vel_2,angle_2,kind,id_1,type_1,color_1,x_1,y_1,x_vel_1,y_vel_1,angle_1,id_2,type_2,color_2,x_2,y_2,x_vel_2,y_vel_2,angle_2,kind,id_1,type_1,color_1,x_1,y_1,x_vel_1,y_vel_1,angle_1,id_2,type_2,color_2,x_2,y_2,x_vel_2,y_vel_2,angle_2,kind,id_1,type_1,color_1,x_1,y_1,x_vel_1,y_vel_1,angle_1,id_2,type_2,color_2,x_2,y_2,x_vel_2,y_vel_2,angle_2,kind,id_1,type_1,color_1,x_1,y_1,x_vel_1,y_vel_1,angle_1,id_2,type_2,color_2,x_2,y_2,x_vel_2,y_vel_2,angle_2,kind,id_1,type_1,color_1,x_1,y_1,x_vel_1,y_vel_1,angle_1,id_2,type_2,color_2,x_2,y_2,x_vel_2,y_vel_2,angle_2,kind,id_1,type_1,color_1,x_1,y_1,x_vel_1,y_vel_1,angle_1,id_2,type_2,color_2,x_2,y_2,x_vel_2,y_vel_2,angle_2,kind,id_1,type_1,color_1,x_1,y_1,x_vel_1,y_vel_1,angle_1,id_2,type_2,color_2,x_2,y_2,x_vel_2,y_vel_2,angle_2,kind,id_1,type_1,color_1,x_1,y_1,x_vel_1,y_vel_1,angle_1,id_2,type_2,color_2,x_2,y_2,x_vel_2,y_vel_2,angle_2,kind,id_1,type_1,color_1,x_1,y_1,x_vel_1,y_vel_1,angle_1,id_2,type_2,color_2,x_2,y_2,x_vel_2,y_vel_2,angle_2,kind,id_1,type_1,color_1,x_1,y_1,x_vel_1,y_vel_1,angle_1,id_2,type_2,color_2,x_2,y_2,x_vel_2,y_vel_2,angle_2,kind,id_1,type_1,color_1,x_1,y_1,x_vel_1,y_vel_1,angle_1,id_2,type_2,color_2,x_2,y_2,x_vel_2,y_vel_2,angle_2,kind,id_1,type_1,color_1,x_1,y_1,x_vel_1,y_vel_1,angle_1,id_2,type_2,color_2,x_2,y_2,x_vel_2,y_vel_2,angle_2,kind,id_1,type_1,color_1,x_1,y_1,x_vel_1,y_vel_1,angle_1,id_2,type_2,color_2,x_2,y_2,x_vel_2,y_vel_2,angle_2,kind,id_1,type_1,color_1,x_1,y_1,x_vel_1,y_vel_1,angle_1,id_2,type_2,color_2,x_2,y_2,x_vel_2,y_vel_2,angle_2,kind,id_1,type_1,color_1,x_1,y_1,x_vel_1,y_vel_1,angle_1,id_2,type_2,color_2,x_2,y_2,x_vel_2,y_vel_2,angle_2,kind,id_1,type_1,color_1,x_1,y_1,x_vel_1,y_vel_1,angle_1,id_2,type_2,color_2,x_2,y_2,x_vel_2,y_vel_2,angle_2,kind,id_1,type_1,color_1,x_1,y_1,x_vel_1,y_vel_1,angle_1,id_2,type_2,color_2,x_2,y_2,x_vel_2,y_vel_2,angle_2,kind,id_1,type_1,color_1,x_1,y_1,x_vel_1,y_vel_1,angle_1,id_2,type_2,color_2,x_2,y_2,x_vel_2,y_vel_2,angle_2,kind,id_1,type_1,color_1,x_1,y_1,x_vel_1,y_vel_1,angle_1,id_2,type_2,color_2,x_2,y_2,x_vel_2,y_vel_2,angle_2,kind,id_1,type_1,color_1,x_1,y_1,x_vel_1,y_vel_1,angle_1,id_2,type_2,color_2,x_2,y_2,x_vel_2,y_vel_2,angle_2,kind,id_1,type_1,color_1,x_1,y_1,x_vel_1,y_vel_1,angle_1,id_2,type_2,color_2,x_2,y_2,x_vel_2,y_vel_2,angle_2,kind,id_1,type_1,color_1,x_1,y_1,x_vel_1,y_vel_1,angle_1,id_2,type_2,color_2,x_2,y_2,x_vel_2,y_vel_2,angle_2,kind,id_1,type_1,color_1,x_1,y_1,x_vel_1,y_vel_1,angle_1,id_2,type_2,color_2,x_2,y_2,x_vel_2,y_vel_2,angle_2,kind,id_1,type_1,color_1,x_1,y_1,x_vel_1,y_vel_1,angle_1,id_2,type_2,color_2,x_2,y_2,x_vel_2,y_vel_2,angle_2,kind,id_1,type_1,color_1,x_1,y_1,x_vel_1,y_vel_1,angle_1,id_2,type_2,color_2,x_2,y_2,x_vel_2,y_vel_2,angle_2,kind,id_1,type_1,color_1,x_1,y_1,x_vel_1,y_vel_1,angle_1,id_2,type_2,color_2,x_2,y_2,x_vel_2,y_vel_2,angle_2,kind,id_1,type_1,color_1,x_1,y_1,x_vel_1,y_vel_1,angle_1,id_2,type_2,color_2,x_2,y_2,x_vel_2,y_vel_2,angle_2,kind,id_1,type_1,color_1,x_1,y_1,x_vel_1,y_vel_1,angle_1,id_2,type_2,color_2,x_2,y_2,x_vel_2,y_vel_2,angle_2,kind,id_1,type_1,color_1,x_1,y_1,x_vel_1,y_vel_1,angle_1,id_2,type_2,color_2,x_2,y_2,x_vel_2,y_vel_2,angle_2,kind,id_1,type_1,color_1,x_1,y_1,x_vel_1,y_vel_1,angle_1,id_2,type_2,color_2,x_2,y_2,x_vel_2,y_vel_2,angle_2,kind,id_1,type_1,color_1,x_1,y_1,x_vel_1,y_vel_1,angle_1,id_2,type_2,color_2,x_2,y_2,x_vel_2,y_vel_2,angle_2,kind,id_1,type_1,color_1,x_1,y_1,x_vel_1,y_vel_1,angle_1,id_2,type_2,color_2,x_2,y_2,x_vel_2,y_vel_2,angle_2,kind,id_1,type_1,color_1,x_1,y_1,x_vel_1,y_vel_1,angle_1,id_2,type_2,color_2,x_2,y_2,x_vel_2,y_vel_2,angle_2,kind,id_1,type_1,color_1,x_1,y_1,x_vel_1,y_vel_1,angle_1,id_2,type_2,color_2,x_2,y_2,x_vel_2,y_vel_2,angle_2,kind,id_1,type_1,color_1,x_1,y_1,x_vel_1,y_vel_1,angle_1,id_2,type_2,color_2,x_2,y_2,x_vel_2,y_vel_2,angle_2,kind,id_1,type_1,color_1,x_1,y_1,x_vel_1,y_vel_1,angle_1,id_2,type_2,color_2,x_2,y_2,x_vel_2,y_vel_2,angle_2,kind,id_1,type_1,color_1,x_1,y_1,x_vel_1,y_vel_1,angle_1,id_2,type_2,color_2,x_2,y_2,x_vel_2,y_vel_2,angle_2,kind,id_1,type_1,color_1,x_1,y_1,x_vel_1,y_vel_1,angle_1,id_2,type_2,color_2,x_2,y_2,x_vel_2,y_vel_2,angle_2,kind,id_1,type_1,color_1,x_1,y_1,x_vel_1,y_vel_1,angle_1,id_2,type_2,color_2,x_2,y_2,x_vel_2,y_vel_2,angle_2,kind,id_1,type_1,color_1,x_1,y_1,x_vel_1,y_vel_1,angle_1,id_2,type_2,color_2,x_2,y_2,x_vel_2,y_vel_2,angle_2,kind,id_1,type_1,color_1,x_1,y_1,x_vel_1,y_vel_1,angle_1,id_2,type_2,color_2,x_2,y_2,x_vel_2,y_vel_2,angle_2,kind,id_1,type_1,color_1,x_1,y_1,x_vel_1,y_vel_1,angle_1,id_2,type_2,color_2,x_2,y_2,x_vel_2,y_vel_2,angle_2,kind,id_1,type_1,color_1,x_1,y_1,x_vel_1,y_vel_1,angle_1,id_2,type_2,color_2,x_2,y_2,x_vel_2,y_vel_2,angle_2,kind,id_1,type_1,color_1,x_1,y_1,x_vel_1,y_vel_1,angle_1,id_2,type_2,color_2,x_2,y_2,x_vel_2,y_vel_2,angle_2,kind,id_1,type_1,color_1,x_1,y_1,x_vel_1,y_vel_1,angle_1,id_2,type_2,color_2,x_2,y_2,x_vel_2,y_vel_2,angle_2,kind,id_1,type_1,color_1,x_1,y_1,x_vel_1,y_vel_1,angle_1,id_2,type_2,color_2,x_2,y_2,x_vel_2,y_vel_2,angle_2,kind,id_1,type_1,color_1,x_1,y_1,x_vel_1,y_vel_1,angle_1,id_2,type_2,color_2,x_2,y_2,x_vel_2,y_vel_2,angle_2,kind,id_1,type_1,color_1,x_1,y_1,x_vel_1,y_vel_1,angle_1,id_2,type_2,color_2,x_2,y_2,x_vel_2,y_vel_2,angle_2,kind,id_1,type_1,color_1,x_1,y_1,x_vel_1,y_vel_1,angle_1,id_2,type_2,color_2,x_2,y_2,x_vel_2,y_vel_2,angle_2,kind,id_1,type_1,color_1,x_1,y_1,x_vel_1,y_vel_1,angle_1,id_2,type_2,color_2,x_2,y_2,x_vel_2,y_vel_2,angle_2,kind,id_1,type_1,color_1,x_1,y_1,x_vel_1,y_vel_1,angle_1,id_2,type_2,color_2,x_2,y_2,x_vel_2,y_vel_2,angle_2,kind,id_1,type_1,color_1,x_1,y_1,x_vel_1,y_vel_1,angle_1,id_2,type_2,color_2,x_2,y_2,x_vel_2,y_vel_2,angle_2,kind,id_1,type_1,color_1,x_1,y_1,x_vel_1,y_vel_1,angle_1,id_2,type_2,color_2,x_2,y_2,x_vel_2,y_vel_2,angle_2,kind,id_1,type_1,color_1,x_1,y_1,x_vel_1,y_vel_1,angle_1,id_2,type_2,color_2,x_2,y_2,x_vel_2,y_vel_2,angle_2,kind,id_1,type_1,color_1,x_1,y_1,x_vel_1,y_vel_1,angle_1,id_2,type_2,color_2,x_2,y_2,x_vel_2,y_vel_2,angle_2,kind,id_1,type_1,color_1,x_1,y_1,x_vel_1,y_vel_1,angle_1,id_2,type_2,color_2,x_2,y_2,x_vel_2,y_vel_2,angle_2,kind,id_1,type_1,color_1,x_1,y_1,x_vel_1,y_vel_1,angle_1,id_2,type_2,color_2,x_2,y_2,x_vel_2,y_vel_2,angle_2,kind,id_1,type_1,color_1,x_1,y_1,x_vel_1,y_vel_1,angle_1,id_2,type_2,color_2,x_2,y_2,x_vel_2,y_vel_2,angle_2,kind,id_1,type_1,color_1,x_1,y_1,x_vel_1,y_vel_1,angle_1,id_2,type_2,color_2,x_2,y_2,x_vel_2,y_vel_2,angle_2,kind,id_1,type_1,color_1,x_1,y_1,x_vel_1,y_vel_1,angle_1,id_2,type_2,color_2,x_2,y_2,x_vel_2,y_vel_2,angle_2,kind,id_1,type_1,color_1,x_1,y_1,x_vel_1,y_vel_1,angle_1,id_2,type_2,color_2,x_2,y_2,x_vel_2,y_vel_2,angle_2,kind,id_1,type_1,color_1,x_1,y_1,x_vel_1,y_vel_1,angle_1,id_2,type_2,color_2,x_2,y_2,x_vel_2,y_vel_2,angle_2,kind,id_1,type_1,color_1,x_1,y_1,x_vel_1,y_vel_1,angle_1,id_2,type_2,color_2,x_2,y_2,x_vel_2,y_vel_2,angle_2,kind,id_1,type_1,color_1,x_1,y_1,x_vel_1,y_vel_1,angle_1,id_2,type_2,color_2,x_2,y_2,x_vel_2,y_vel_2,angle_2,kind,id_1,type_1,color_1,x_1,y_1,x_vel_1,y_vel_1,angle_1,id_2,type_2,color_2,x_2,y_2,x_vel_2,y_vel_2,angle_2,kind,id_1,type_1,color_1,x_1,y_1,x_vel_1,y_vel_1,angle_1,id_2,type_2,color_2,x_2,y_2,x_vel_2,y_vel_2,angle_2,kind,id_1,type_1,color_1,x_1,y_1,x_vel_1,y_vel_1,angle_1,id_2,type_2,color_2,x_2,y_2,x_vel_2,y_vel_2,angle_2,kind,id_1,type_1,color_1,x_1,y_1,x_vel_1,y_vel_1,angle_1,id_2,type_2,color_2,x_2,y_2,x_vel_2,y_vel_2,angle_2,kind,id_1,type_1,color_1,x_1,y_1,x_vel_1,y_vel_1,angle_1,id_2,type_2,color_2,x_2,y_2,x_vel_2,y_vel_2,angle_2,kind,id_1,type_1,color_1,x_1,y_1,x_vel_1,y_vel_1,angle_1,id_2,type_2,color_2,x_2,y_2,x_vel_2,y_vel_2,angle_2,kind,id_1,type_1,color_1,x_1,y_1,x_vel_1,y_vel_1,angle_1,id_2,type_2,color_2,x_2,y_2,x_vel_2,y_vel_2,angle_2,kind,id_1,type_1,color_1,x_1,y_1,x_vel_1,y_vel_1,angle_1,id_2,type_2,color_2,x_2,y_2,x_vel_2,y_vel_2,angle_2,kind,id_1,type_1,color_1,x_1,y_1,x_vel_1,y_vel_1,angle_1,id_2,type_2,color_2,x_2,y_2,x_vel_2,y_vel_2,angle_2,kind,id_1,type_1,color_1,x_1,y_1,x_vel_1,y_vel_1,angle_1,id_2,type_2,color_2,x_2,y_2,x_vel_2,y_vel_2,angle_2,kind,id_1,type_1,color_1,x_1,y_1,x_vel_1,y_vel_1,angle_1,id_2,type_2,color_2,x_2,y_2,x_vel_2,y_vel_2,angle_2,kind,id_1,type_1,color_1,x_1,y_1,x_vel_1,y_vel_1,angle_1,id_2,type_2,color_2,x_2,y_2,x_vel_2,y_vel_2,angle_2,kind,id_1,type_1,color_1,x_1,y_1,x_vel_1,y_vel_1,angle_1,id_2,type_2,color_2,x_2,y_2,x_vel_2,y_vel_2,angle_2,kind,id_1,type_1,color_1,x_1,y_1,x_vel_1,y_vel_1,angle_1,id_2,type_2,color_2,x_2,y_2,x_vel_2,y_vel_2,angle_2,kind,id_1,type_1,color_1,x_1,y_1,x_vel_1,y_vel_1,angle_1,id_2,type_2,color_2,x_2,y_2,x_vel_2,y_vel_2,angle_2,kind,id_1,type_1,color_1,x_1,y_1,x_vel_1,y_vel_1,angle_1,id_2,type_2,color_2,x_2,y_2,x_vel_2,y_vel_2,angle_2,kind,id_1,type_1,color_1,x_1,y_1,x_vel_1,y_vel_1,angle_1,id_2,type_2,color_2,x_2,y_2,x_vel_2,y_vel_2,angle_2,kind,id_1,type_1,color_1,x_1,y_1,x_vel_1,y_vel_1,angle_1,id_2,type_2,color_2,x_2,y_2,x_vel_2,y_vel_2,angle_2,kind,id_1,type_1,color_1,x_1,y_1,x_vel_1,y_vel_1,angle_1,id_2,type_2,color_2,x_2,y_2,x_vel_2,y_vel_2,angle_2,kind,id_1,type_1,color_1,x_1,y_1,x_vel_1,y_vel_1,angle_1,id_2,type_2,color_2,x_2,y_2,x_vel_2,y_vel_2,angle_2,kind,id_1,type_1,color_1,x_1,y_1,x_vel_1,y_vel_1,angle_1,id_2,type_2,color_2,x_2,y_2,x_vel_2,y_vel_2,angle_2,kind,id_1,type_1,color_1,x_1,y_1,x_vel_1,y_vel_1,angle_1,id_2,type_2,color_2,x_2,y_2,x_vel_2,y_vel_2,angle_2,kind,id_1,type_1,color_1,x_1,y_1,x_vel_1,y_vel_1,angle_1,id_2,type_2,color_2,x_2,y_2,x_vel_2,y_vel_2,angle_2,kind,id_1,type_1,color_1,x_1,y_1,x_vel_1,y_vel_1,angle_1,id_2,type_2,color_2,x_2,y_2,x_vel_2,y_vel_2,angle_2,kind,id_1,type_1,color_1,x_1,y_1,x_vel_1,y_vel_1,angle_1,id_2,type_2,color_2,x_2,y_2,x_vel_2,y_vel_2,angle_2,kind,id_1,type_1,color_1,x_1,y_1,x_vel_1,y_vel_1,angle_1,id_2,type_2,color_2,x_2,y_2,x_vel_2,y_vel_2,angle_2,kind,id_1,type_1,color_1,x_1,y_1,x_vel_1,y_vel_1,angle_1,id_2,type_2,color_2,x_2,y_2,x_vel_2,y_vel_2,angle_2,kind,id_1,type_1,color_1,x_1,y_1,x_vel_1,y_vel_1,angle_1,id_2,type_2,color_2,x_2,y_2,x_vel_2,y_vel_2,angle_2,kind,id_1,type_1,color_1,x_1,y_1,x_vel_1,y_vel_1,angle_1,id_2,type_2,color_2,x_2,y_2,x_vel_2,y_vel_2,angle_2,kind,id_1,type_1,color_1,x_1,y_1,x_vel_1,y_vel_1,angle_1,id_2,type_2,color_2,x_2,y_2,x_vel_2,y_vel_2,angle_2,kind,id_1,type_1,color_1,x_1,y_1,x_vel_1,y_vel_1,angle_1,id_2,type_2,color_2,x_2,y_2,x_vel_2,y_vel_2,angle_2,kind,id_1,type_1,color_1,x_1,y_1,x_vel_1,y_vel_1,angle_1,id_2,type_2,color_2,x_2,y_2,x_vel_2,y_vel_2,angle_2,kind,id_1,type_1,color_1,x_1,y_1,x_vel_1,y_vel_1,angle_1,id_2,type_2,color_2,x_2,y_2,x_vel_2,y_vel_2,angle_2,kind,id_1,type_1,color_1,x_1,y_1,x_vel_1,y_vel_1,angle_1,id_2,type_2,color_2,x_2,y_2,x_vel_2,y_vel_2,angle_2,kind,id_1,type_1,color_1,x_1,y_1,x_vel_1,y_vel_1,angle_1,id_2,type_2,color_2,x_2,y_2,x_vel_2,y_vel_2,angle_2,kind,id_1,type_1,color_1,x_1,y_1,x_vel_1,y_vel_1,angle_1,id_2,type_2,color_2,x_2,y_2,x_vel_2,y_vel_2,angle_2,kind,id_1,type_1,color_1,x_1,y_1,x_vel_1,y_vel_1,angle_1,id_2,type_2,color_2,x_2,y_2,x_vel_2,y_vel_2,angle_2,kind,id_1,type_1,color_1,x_1,y_1,x_vel_1,y_vel_1,angle_1,id_2,type_2,color_2,x_2,y_2,x_vel_2,y_vel_2,angle_2,kind,id_1,type_1,color_1,x_1,y_1,x_vel_1,y_vel_1,angle_1,id_2,type_2,color_2,x_2,y_2,x_vel_2,y_vel_2,angle_2,kind,id_1,type_1,color_1,x_1,y_1,x_vel_1,y_vel_1,angle_1,id_2,type_2,color_2,x_2,y_2,x_vel_2,y_vel_2,angle_2,kind,id_1,type_1,color_1,x_1,y_1,x_vel_1,y_vel_1,angle_1,id_2,type_2,color_2,x_2,y_2,x_vel_2,y_vel_2,angle_2,kind,id_1,type_1,color_1,x_1,y_1,x_vel_1,y_vel_1,angle_1,id_2,type_2,color_2,x_2,y_2,x_vel_2,y_vel_2,angle_2,kind,id_1,type_1,color_1,x_1,y_1,x_vel_1,y_vel_1,angle_1,id_2,type_2,color_2,x_2,y_2,x_vel_2,y_vel_2,angle_2,kind,id_1,type_1,color_1,x_1,y_1,x_vel_1,y_vel_1,angle_1,id_2,type_2,color_2,x_2,y_2,x_vel_2,y_vel_2,angle_2,kind,id_1,type_1,color_1,x_1,y_1,x_vel_1,y_vel_1,angle_1,id_2,type_2,color_2,x_2,y_2,x_vel_2,y_vel_2,angle_2,kind,id_1,type_1,color_1,x_1,y_1,x_vel_1,y_vel_1,angle_1,id_2,type_2,color_2,x_2,y_2,x_vel_2,y_vel_2,angle_2,kind,id_1,type_1,color_1,x_1,y_1,x_vel_1,y_vel_1,angle_1,id_2,type_2,color_2,x_2,y_2,x_vel_2,y_vel_2,angle_2,kind,id_1,type_1,color_1,x_1,y_1,x_vel_1,y_vel_1,angle_1,id_2,type_2,color_2,x_2,y_2,x_vel_2,y_vel_2,angle_2,kind,id_1,type_1,color_1,x_1,y_1,x_vel_1,y_vel_1,angle_1,id_2,type_2,color_2,x_2,y_2,x_vel_2,y_vel_2,angle_2,kind,id_1,type_1,color_1,x_1,y_1,x_vel_1,y_vel_1,angle_1,id_2,type_2,color_2,x_2,y_2,x_vel_2,y_vel_2,angle_2,kind,id_1,type_1,color_1,x_1,y_1,x_vel_1,y_vel_1,angle_1,id_2,type_2,color_2,x_2,y_2,x_vel_2,y_vel_2,angle_2,kind,id_1,type_1,color_1,x_1,y_1,x_vel_1,y_vel_1,angle_1,id_2,type_2,color_2,x_2,y_2,x_vel_2,y_vel_2,angle_2,kind,id_1,type_1,color_1,x_1,y_1,x_vel_1,y_vel_1,angle_1,id_2,type_2,color_2,x_2,y_2,x_vel_2,y_vel_2,angle_2,kind,id_1,type_1,color_1,x_1,y_1,x_vel_1,y_vel_1,angle_1,id_2,type_2,color_2,x_2,y_2,x_vel_2,y_vel_2,angle_2,kind,id_1,type_1,color_1,x_1,y_1,x_vel_1,y_vel_1,angle_1,id_2,type_2,color_2,x_2,y_2,x_vel_2,y_vel_2,angle_2,kind,id_1,type_1,color_1,x_1,y_1,x_vel_1,y_vel_1,angle_1,id_2,type_2,color_2,x_2,y_2,x_vel_2,y_vel_2,angle_2,kind,id_1,type_1,color_1,x_1,y_1,x_vel_1,y_vel_1,angle_1,id_2,type_2,color_2,x_2,y_2,x_vel_2,y_vel_2,angle_2,kind,id_1,type_1,color_1,x_1,y_1,x_vel_1,y_vel_1,angle_1,id_2,type_2,color_2,x_2,y_2,x_vel_2,y_vel_2,angle_2,kind,id_1,type_1,color_1,x_1,y_1,x_vel_1,y_vel_1,angle_1,id_2,type_2,color_2,x_2,y_2,x_vel_2,y_vel_2,angle_2,kind,id_1,type_1,color_1,x_1,y_1,x_vel_1,y_vel_1,angle_1,id_2,type_2,color_2,x_2,y_2,x_vel_2,y_vel_2,angle_2,kind,id_1,type_1,color_1,x_1,y_1,x_vel_1,y_vel_1,angle_1,id_2,type_2,color_2,x_2,y_2,x_vel_2,y_vel_2,angle_2,kind,id_1,type_1,color_1,x_1,y_1,x_vel_1,y_vel_1,angle_1,id_2,type_2,color_2,x_2,y_2,x_vel_2,y_vel_2,angle_2,kind,id_1,type_1,color_1,x_1,y_1,x_vel_1,y_vel_1,angle_1,id_2,type_2,color_2,x_2,y_2,x_vel_2,y_vel_2,angle_2,kind,id_1,type_1,color_1,x_1,y_1,x_vel_1,y_vel_1,angle_1,id_2,type_2,color_2,x_2,y_2,x_vel_2,y_vel_2,angle_2,kind,id_1,type_1,color_1,x_1,y_1,x_vel_1,y_vel_1,angle_1,id_2,type_2,color_2,x_2,y_2,x_vel_2,y_vel_2,angle_2,kind,id_1,type_1,color_1,x_1,y_1,x_vel_1,y_vel_1,angle_1,id_2,type_2,color_2,x_2,y_2,x_vel_2,y_vel_2,angle_2,kind,id_1,type_1,color_1,x_1,y_1,x_vel_1,y_vel_1,angle_1,id_2,type_2,color_2,x_2,y_2,x_vel_2,y_vel_2,angle_2,kind,id_1,type_1,color_1,x_1,y_1,x_vel_1,y_vel_1,angle_1,id_2,type_2,color_2,x_2,y_2,x_vel_2,y_vel_2,angle_2,kind,id_1,type_1,color_1,x_1,y_1,x_vel_1,y_vel_1,angle_1,id_2,type_2,color_2,x_2,y_2,x_vel_2,y_vel_2,angle_2,kind,id_1,type_1,color_1,x_1,y_1,x_vel_1,y_vel_1,angle_1,id_2,type_2,color_2,x_2,y_2,x_vel_2,y_vel_2,angle_2,kind,id_1,type_1,color_1,x_1,y_1,x_vel_1,y_vel_1,angle_1,id_2,type_2,color_2,x_2,y_2,x_vel_2,y_vel_2,angle_2,kind,id_1,type_1,color_1,x_1,y_1,x_vel_1,y_vel_1,angle_1,id_2,type_2,color_2,x_2,y_2,x_vel_2,y_vel_2,angle_2,kind,id_1,type_1,color_1,x_1,y_1,x_vel_1,y_vel_1,angle_1,id_2,type_2,color_2,x_2,y_2,x_vel_2,y_vel_2,angle_2,kind,id_1,type_1,color_1,x_1,y_1,x_vel_1,y_vel_1,angle_1,id_2,type_2,color_2,x_2,y_2,x_vel_2,y_vel_2,angle_2,kind,id_1,type_1,color_1,x_1,y_1,x_vel_1,y_vel_1,angle_1,id_2,type_2,color_2,x_2,y_2,x_vel_2,y_vel_2,angle_2,kind,id_1,type_1,color_1,x_1,y_1,x_vel_1,y_vel_1,angle_1,id_2,type_2,color_2,x_2,y_2,x_vel_2,y_vel_2,angle_2,kind,id_1,type_1,color_1,x_1,y_1,x_vel_1,y_vel_1,angle_1,id_2,type_2,color_2,x_2,y_2,x_vel_2,y_vel_2,angle_2,kind,id_1,type_1,color_1,x_1,y_1,x_vel_1,y_vel_1,angle_1,id_2,type_2,color_2,x_2,y_2,x_vel_2,y_vel_2,angle_2,kind,id_1,type_1,color_1,x_1,y_1,x_vel_1,y_vel_1,angle_1,id_2,type_2,color_2,x_2,y_2,x_vel_2,y_vel_2,angle_2,kind,id_1,type_1,color_1,x_1,y_1,x_vel_1,y_vel_1,angle_1,id_2,type_2,color_2,x_2,y_2,x_vel_2,y_vel_2,angle_2,kind,id_1,type_1,color_1,x_1,y_1,x_vel_1,y_vel_1,angle_1,id_2,type_2,color_2,x_2,y_2,x_vel_2,y_vel_2,angle_2,kind,id_1,type_1,color_1,x_1,y_1,x_vel_1,y_vel_1,angle_1,id_2,type_2,color_2,x_2,y_2,x_vel_2,y_vel_2,angle_2,kind,id_1,type_1,color_1,x_1,y_1,x_vel_1,y_vel_1,angle_1,id_2,type_2,color_2,x_2,y_2,x_vel_2,y_vel_2,angle_2,kind,id_1,type_1,color_1,x_1,y_1,x_vel_1,y_vel_1,angle_1,id_2,type_2,color_2,x_2,y_2,x_vel_2,y_vel_2,angle_2,kind,id_1,type_1,color_1,x_1,y_1,x_vel_1,y_vel_1,angle_1,id_2,type_2,color_2,x_2,y_2,x_vel_2,y_vel_2,angle_2,kind,id_1,type_1,color_1,x_1,y_1,x_vel_1,y_vel_1,angle_1,id_2,type_2,color_2,x_2,y_2,x_vel_2,y_vel_2,angle_2,kind,id_1,type_1,color_1,x_1,y_1,x_vel_1,y_vel_1,angle_1,id_2,type_2,color_2,x_2,y_2,x_vel_2,y_vel_2,angle_2,kind,id_1,type_1,color_1,x_1,y_1,x_vel_1,y_vel_1,angle_1,id_2,type_2,color_2,x_2,y_2,x_vel_2,y_vel_2,angle_2,kind,id_1,type_1,color_1,x_1,y_1,x_vel_1,y_vel_1,angle_1,id_2,type_2,color_2,x_2,y_2,x_vel_2,y_vel_2,angle_2,kind,id_1,type_1,color_1,x_1,y_1,x_vel_1,y_vel_1,angle_1,id_2,type_2,color_2,x_2,y_2,x_vel_2,y_vel_2,angle_2,kind,id_1,type_1,color_1,x_1,y_1,x_vel_1,y_vel_1,angle_1,id_2,type_2,color_2,x_2,y_2,x_vel_2,y_vel_2,angle_2,kind,id_1,type_1,color_1,x_1,y_1,x_vel_1,y_vel_1,angle_1,id_2,type_2,color_2,x_2,y_2,x_vel_2,y_vel_2,angle_2,kind,id_1,type_1,color_1,x_1,y_1,x_vel_1,y_vel_1,angle_1,id_2,type_2,color_2,x_2,y_2,x_vel_2,y_vel_2,angle_2,kind,id_1,type_1,color_1,x_1,y_1,x_vel_1,y_vel_1,angle_1,id_2,type_2,color_2,x_2,y_2,x_vel_2,y_vel_2,angle_2,kind,id_1,type_1,color_1,x_1,y_1,x_vel_1,y_vel_1,angle_1,id_2,type_2,color_2,x_2,y_2,x_vel_2,y_vel_2,angle_2,kind,id_1,type_1,color_1,x_1,y_1,x_vel_1,y_vel_1,angle_1,id_2,type_2,color_2,x_2,y_2,x_vel_2,y_vel_2,angle_2,kind,id_1,type_1,color_1,x_1,y_1,x_vel_1,y_vel_1,angle_1,id_2,type_2,color_2,x_2,y_2,x_vel_2,y_vel_2,angle_2,kind,id_1,type_1,color_1,x_1,y_1,x_vel_1,y_vel_1,angle_1,id_2,type_2,color_2,x_2,y_2,x_vel_2,y_vel_2,angle_2,kind,id_1,type_1,color_1,x_1,y_1,x_vel_1,y_vel_1,angle_1,id_2,type_2,color_2,x_2,y_2,x_vel_2,y_vel_2,angle_2,kind,id_1,type_1,color_1,x_1,y_1,x_vel_1,y_vel_1,angle_1,id_2,type_2,color_2,x_2,y_2,x_vel_2,y_vel_2,angle_2,kind,id_1,type_1,color_1,x_1,y_1,x_vel_1,y_vel_1,angle_1,id_2,type_2,color_2,x_2,y_2,x_vel_2,y_vel_2,angle_2,kind,id_1,type_1,color_1,x_1,y_1,x_vel_1,y_vel_1,angle_1,id_2,type_2,color_2,x_2,y_2,x_vel_2,y_vel_2,angle_2,kind,id_1,type_1,color_1,x_1,y_1,x_vel_1,y_vel_1,angle_1,id_2,type_2,color_2,x_2,y_2,x_vel_2,y_vel_2,angle_2,kind,id_1,type_1,color_1,x_1,y_1,x_vel_1,y_vel_1,angle_1,id_2,type_2,color_2,x_2,y_2,x_vel_2,y_vel_2,angle_2,kind,id_1,type_1,color_1,x_1,y_1,x_vel_1,y_vel_1,angle_1,id_2,type_2,color_2,x_2,y_2,x_vel_2,y_vel_2,angle_2,kind,id_1,type_1,color_1,x_1,y_1,x_vel_1,y_vel_1,angle_1,id_2,type_2,color_2,x_2,y_2,x_vel_2,y_vel_2,angle_2,kind,id_1,type_1,color_1,x_1,y_1,x_vel_1,y_vel_1,angle_1,id_2,type_2,color_2,x_2,y_2,x_vel_2,y_vel_2,angle_2,kind,id_1,type_1,color_1,x_1,y_1,x_vel_1,y_vel_1,angle_1,id_2,type_2,color_2,x_2,y_2,x_vel_2,y_vel_2,angle_2,kind,id_1,type_1,color_1,x_1,y_1,x_vel_1,y_vel_1,angle_1,id_2,type_2,color_2,x_2,y_2,x_vel_2,y_vel_2,angle_2,kind,id_1,type_1,color_1,x_1,y_1,x_vel_1,y_vel_1,angle_1,id_2,type_2,color_2,x_2,y_2,x_vel_2,y_vel_2,angle_2,kind,id_1,type_1,color_1,x_1,y_1,x_vel_1,y_vel_1,angle_1,id_2,type_2,color_2,x_2,y_2,x_vel_2,y_vel_2,angle_2,kind,id_1,type_1,color_1,x_1,y_1,x_vel_1,y_vel_1,angle_1,id_2,type_2,color_2,x_2,y_2,x_vel_2,y_vel_2,angle_2,kind,id_1,type_1,color_1,x_1,y_1,x_vel_1,y_vel_1,angle_1,id_2,type_2,color_2,x_2,y_2,x_vel_2,y_vel_2,angle_2,kind,id_1,type_1,color_1,x_1,y_1,x_vel_1,y_vel_1,angle_1,id_2,type_2,color_2,x_2,y_2,x_vel_2,y_vel_2,angle_2,kind,id_1,type_1,color_1,x_1,y_1,x_vel_1,y_vel_1,angle_1,id_2,type_2,color_2,x_2,y_2,x_vel_2,y_vel_2,angle_2,kind,id_1,type_1,color_1,x_1,y_1,x_vel_1,y_vel_1,angle_1,id_2,type_2,color_2,x_2,y_2,x_vel_2,y_vel_2,angle_2,kind,id_1,type_1,color_1,x_1,y_1,x_vel_1,y_vel_1,angle_1,id_2,type_2,color_2,x_2,y_2,x_vel_2,y_vel_2,angle_2,kind,id_1,type_1,color_1,x_1,y_1,x_vel_1,y_vel_1,angle_1,id_2,type_2,color_2,x_2,y_2,x_vel_2,y_vel_2,angle_2,kind,id_1,type_1,color_1,x_1,y_1,x_vel_1,y_vel_1,angle_1,id_2,type_2,color_2,x_2,y_2,x_vel_2,y_vel_2,angle_2,kind,id_1,type_1,color_1,x_1,y_1,x_vel_1,y_vel_1,angle_1,id_2,type_2,color_2,x_2,y_2,x_vel_2,y_vel_2,angle_2,kind,id_1,type_1,color_1,x_1,y_1,x_vel_1,y_vel_1,angle_1,id_2,type_2,color_2,x_2,y_2,x_vel_2,y_vel_2,angle_2,kind,id_1,type_1,color_1,x_1,y_1,x_vel_1,y_vel_1,angle_1,id_2,type_2,color_2,x_2,y_2,x_vel_2,y_vel_2,angle_2,kind,id_1,type_1,color_1,x_1,y_1,x_vel_1,y_vel_1,angle_1,id_2,type_2,color_2,x_2,y_2,x_vel_2,y_vel_2,angle_2,kind,id_1,type_1,color_1,x_1,y_1,x_vel_1,y_vel_1,angle_1,id_2,type_2,color_2,x_2,y_2,x_vel_2,y_vel_2,angle_2,kind,id_1,type_1,color_1,x_1,y_1,x_vel_1,y_vel_1,angle_1,id_2,type_2,color_2,x_2,y_2,x_vel_2,y_vel_2,angle_2,kind,id_1,type_1,color_1,x_1,y_1,x_vel_1,y_vel_1,angle_1,id_2,type_2,color_2,x_2,y_2,x_vel_2,y_vel_2,angle_2,kind,id_1,type_1,color_1,x_1,y_1,x_vel_1,y_vel_1,angle_1,id_2,type_2,color_2,x_2,y_2,x_vel_2,y_vel_2,angle_2,kind,id_1,type_1,color_1,x_1,y_1,x_vel_1,y_vel_1,angle_1,id_2,type_2,color_2,x_2,y_2,x_vel_2,y_vel_2,angle_2,kind,id_1,type_1,color_1,x_1,y_1,x_vel_1,y_vel_1,angle_1,id_2,type_2,color_2,x_2,y_2,x_vel_2,y_vel_2,angle_2,kind,id_1,type_1,color_1,x_1,y_1,x_vel_1,y_vel_1,angle_1,id_2,type_2,color_2,x_2,y_2,x_vel_2,y_vel_2,angle_2,kind,id_1,type_1,color_1,x_1,y_1,x_vel_1,y_vel_1,angle_1,id_2,type_2,color_2,x_2,y_2,x_vel_2,y_vel_2,angle_2,kind,id_1,type_1,color_1,x_1,y_1,x_vel_1,y_vel_1,angle_1,id_2,type_2,color_2,x_2,y_2,x_vel_2,y_vel_2,angle_2,kind,id_1,type_1,color_1,x_1,y_1,x_vel_1,y_vel_1,angle_1,id_2,type_2,color_2,x_2,y_2,x_vel_2,y_vel_2,angle_2,kind,id_1,type_1,color_1,x_1,y_1,x_vel_1,y_vel_1,angle_1,id_2,type_2,color_2,x_2,y_2,x_vel_2,y_vel_2,angle_2,kind,id_1,type_1,color_1,x_1,y_1,x_vel_1,y_vel_1,angle_1,id_2,type_2,color_2,x_2,y_2,x_vel_2,y_vel_2,angle_2,kind,id_1,type_1,color_1,x_1,y_1,x_vel_1,y_vel_1,angle_1,id_2,type_2,color_2,x_2,y_2,x_vel_2,y_vel_2,angle_2,kind,id_1,type_1,color_1,x_1,y_1,x_vel_1,y_vel_1,angle_1,id_2,type_2,color_2,x_2,y_2,x_vel_2,y_vel_2,angle_2,kind,id_1,type_1,color_1,x_1,y_1,x_vel_1,y_vel_1,angle_1,id_2,type_2,color_2,x_2,y_2,x_vel_2,y_vel_2,angle_2,kind,id_1,type_1,color_1,x_1,y_1,x_vel_1,y_vel_1,angle_1,id_2,type_2,color_2,x_2,y_2,x_vel_2,y_vel_2,angle_2,kind,id_1,type_1,color_1,x_1,y_1,x_vel_1,y_vel_1,angle_1,id_2,type_2,color_2,x_2,y_2,x_vel_2,y_vel_2,angle_2,kind,id_1,type_1,color_1,x_1,y_1,x_vel_1,y_vel_1,angle_1,id_2,type_2,color_2,x_2,y_2,x_vel_2,y_vel_2,angle_2,kind,id_1,type_1,color_1,x_1,y_1,x_vel_1,y_vel_1,angle_1,id_2,type_2,color_2,x_2,y_2,x_vel_2,y_vel_2,angle_2,kind,id_1,type_1,color_1,x_1,y_1,x_vel_1,y_vel_1,angle_1,id_2,type_2,color_2,x_2,y_2,x_vel_2,y_vel_2,angle_2,kind,id_1,type_1,color_1,x_1,y_1,x_vel_1,y_vel_1,angle_1,id_2,type_2,color_2,x_2,y_2,x_vel_2,y_vel_2,angle_2,kind,id_1,type_1,color_1,x_1,y_1,x_vel_1,y_vel_1,angle_1,id_2,type_2,color_2,x_2,y_2,x_vel_2,y_vel_2,angle_2,kind,id_1,type_1,color_1,x_1,y_1,x_vel_1,y_vel_1,angle_1,id_2,type_2,color_2,x_2,y_2,x_vel_2,y_vel_2,angle_2,kind,id_1,type_1,color_1,x_1,y_1,x_vel_1,y_vel_1,angle_1,id_2,type_2,color_2,x_2,y_2,x_vel_2,y_vel_2,angle_2,kind,id_1,type_1,color_1,x_1,y_1,x_vel_1,y_vel_1,angle_1,id_2,type_2,color_2,x_2,y_2,x_vel_2,y_vel_2,angle_2,kind,id_1,type_1,color_1,x_1,y_1,x_vel_1,y_vel_1,angle_1,id_2,type_2,color_2,x_2,y_2,x_vel_2,y_vel_2,angle_2,kind,id_1,type_1,color_1,x_1,y_1,x_vel_1,y_vel_1,angle_1,id_2,type_2,color_2,x_2,y_2,x_vel_2,y_vel_2,angle_2,kind,id_1,type_1,color_1,x_1,y_1,x_vel_1,y_vel_1,angle_1,id_2,type_2,color_2,x_2,y_2,x_vel_2,y_vel_2,angle_2,kind,id_1,type_1,color_1,x_1,y_1,x_vel_1,y_vel_1,angle_1,id_2,type_2,color_2,x_2,y_2,x_vel_2,y_vel_2,angle_2,kind,id_1,type_1,color_1,x_1,y_1,x_vel_1,y_vel_1,angle_1,id_2,type_2,color_2,x_2,y_2,x_vel_2,y_vel_2,angle_2,kind,id_1,type_1,color_1,x_1,y_1,x_vel_1,y_vel_1,angle_1,id_2,type_2,color_2,x_2,y_2,x_vel_2,y_vel_2,angle_2,kind,id_1,type_1,color_1,x_1,y_1,x_vel_1,y_vel_1,angle_1,id_2,type_2,color_2,x_2,y_2,x_vel_2,y_vel_2,angle_2,kind,id_1,type_1,color_1,x_1,y_1,x_vel_1,y_vel_1,angle_1,id_2,type_2,color_2,x_2,y_2,x_vel_2,y_vel_2,angle_2,kind,id_1,type_1,color_1,x_1,y_1,x_vel_1,y_vel_1,angle_1,id_2,type_2,color_2,x_2,y_2,x_vel_2,y_vel_2,angle_2,kind,id_1,type_1,color_1,x_1,y_1,x_vel_1,y_vel_1,angle_1,id_2,type_2,color_2,x_2,y_2,x_vel_2,y_vel_2,angle_2,kind,id_1,type_1,color_1,x_1,y_1,x_vel_1,y_vel_1,angle_1,id_2,type_2,color_2,x_2,y_2,x_vel_2,y_vel_2,angle_2,kind,id_1,type_1,color_1,x_1,y_1,x_vel_1,y_vel_1,angle_1,id_2,type_2,color_2,x_2,y_2,x_vel_2,y_vel_2,angle_2,kind,id_1,type_1,color_1,x_1,y_1,x_vel_1,y_vel_1,angle_1,id_2,type_2,color_2,x_2,y_2,x_vel_2,y_vel_2,angle_2,kind,id_1,type_1,color_1,x_1,y_1,x_vel_1,y_vel_1,angle_1,id_2,type_2,color_2,x_2,y_2,x_vel_2,y_vel_2,angle_2,kind,id_1,type_1,color_1,x_1,y_1,x_vel_1,y_vel_1,angle_1,id_2,type_2,color_2,x_2,y_2,x_vel_2,y_vel_2,angle_2,kind,id_1,type_1,color_1,x_1,y_1,x_vel_1,y_vel_1,angle_1,id_2,type_2,color_2,x_2,y_2,x_vel_2,y_vel_2,angle_2,kind,id_1,type_1,color_1,x_1,y_1,x_vel_1,y_vel_1,angle_1,id_2,type_2,color_2,x_2,y_2,x_vel_2,y_vel_2,angle_2,kind,id_1,type_1,color_1,x_1,y_1,x_vel_1,y_vel_1,angle_1,id_2,type_2,color_2,x_2,y_2,x_vel_2,y_vel_2,angle_2,kind,id_1,type_1,color_1,x_1,y_1,x_vel_1,y_vel_1,angle_1,id_2,type_2,color_2,x_2,y_2,x_vel_2,y_vel_2,angle_2,kind,id_1,type_1,color_1,x_1,y_1,x_vel_1,y_vel_1,angle_1,id_2,type_2,color_2,x_2,y_2,x_vel_2,y_vel_2,angle_2,kind,id_1,type_1,color_1,x_1,y_1,x_vel_1,y_vel_1,angle_1,id_2,type_2,color_2,x_2,y_2,x_vel_2,y_vel_2,angle_2,kind,id_1,type_1,color_1,x_1,y_1,x_vel_1,y_vel_1,angle_1,id_2,type_2,color_2,x_2,y_2,x_vel_2,y_vel_2,angle_2,kind,id_1,type_1,color_1,x_1,y_1,x_vel_1,y_vel_1,angle_1,id_2,type_2,color_2,x_2,y_2,x_vel_2,y_vel_2,angle_2,kind,id_1,type_1,color_1,x_1,y_1,x_vel_1,y_vel_1,angle_1,id_2,type_2,color_2,x_2,y_2,x_vel_2,y_vel_2,angle_2,kind,id_1,type_1,color_1,x_1,y_1,x_vel_1,y_vel_1,angle_1,id_2,type_2,color_2,x_2,y_2,x_vel_2,y_vel_2,angle_2,kind,id_1,type_1,color_1,x_1,y_1,x_vel_1,y_vel_1,angle_1,id_2,type_2,color_2,x_2,y_2,x_vel_2,y_vel_2,angle_2,kind,id_1,type_1,color_1,x_1,y_1,x_vel_1,y_vel_1,angle_1,id_2,type_2,color_2,x_2,y_2,x_vel_2,y_vel_2,angle_2,kind,id_1,type_1,color_1,x_1,y_1,x_vel_1,y_vel_1,angle_1,id_2,type_2,color_2,x_2,y_2,x_vel_2,y_vel_2,angle_2,kind,id_1,type_1,color_1,x_1,y_1,x_vel_1,y_vel_1,angle_1,id_2,type_2,color_2,x_2,y_2,x_vel_2,y_vel_2,angle_2,kind,id_1,type_1,color_1,x_1,y_1,x_vel_1,y_vel_1,angle_1,id_2,type_2,color_2,x_2,y_2,x_vel_2,y_vel_2,angle_2,kind,id_1,type_1,color_1,x_1,y_1,x_vel_1,y_vel_1,angle_1,id_2,type_2,color_2,x_2,y_2,x_vel_2,y_vel_2,angle_2,kind,id_1,type_1,color_1,x_1,y_1,x_vel_1,y_vel_1,angle_1,id_2,type_2,color_2,x_2,y_2,x_vel_2,y_vel_2,angle_2,kind,id_1,type_1,color_1,x_1,y_1,x_vel_1,y_vel_1,angle_1,id_2,type_2,color_2,x_2,y_2,x_vel_2,y_vel_2,angle_2,kind,id_1,type_1,color_1,x_1,y_1,x_vel_1,y_vel_1,angle_1,id_2,type_2,color_2,x_2,y_2,x_vel_2,y_vel_2,angle_2,kind,id_1,type_1,color_1,x_1,y_1,x_vel_1,y_vel_1,angle_1,id_2,type_2,color_2,x_2,y_2,x_vel_2,y_vel_2,angle_2,kind,id_1,type_1,color_1,x_1,y_1,x_vel_1,y_vel_1,angle_1,id_2,type_2,color_2,x_2,y_2,x_vel_2,y_vel_2,angle_2,kind,id_1,type_1,color_1,x_1,y_1,x_vel_1,y_vel_1,angle_1,id_2,type_2,color_2,x_2,y_2,x_vel_2,y_vel_2,angle_2,kind,id_1,type_1,color_1,x_1,y_1,x_vel_1,y_vel_1,angle_1,id_2,type_2,color_2,x_2,y_2,x_vel_2,y_vel_2,angle_2,kind,id_1,type_1,color_1,x_1,y_1,x_vel_1,y_vel_1,angle_1,id_2,type_2,color_2,x_2,y_2,x_vel_2,y_vel_2,angle_2,kind,id_1,type_1,color_1,x_1,y_1,x_vel_1,y_vel_1,angle_1,id_2,type_2,color_2,x_2,y_2,x_vel_2,y_vel_2,angle_2,kind,id_1,type_1,color_1,x_1,y_1,x_vel_1,y_vel_1,angle_1,id_2,type_2,color_2,x_2,y_2,x_vel_2,y_vel_2,angle_2,kind,id_1,type_1,color_1,x_1,y_1,x_vel_1,y_vel_1,angle_1,id_2,type_2,color_2,x_2,y_2,x_vel_2,y_vel_2,angle_2,kind,id_1,type_1,color_1,x_1,y_1,x_vel_1,y_vel_1,angle_1,id_2,type_2,color_2,x_2,y_2,x_vel_2,y_vel_2,angle_2,kind,id_1,type_1,color_1,x_1,y_1,x_vel_1,y_vel_1,angle_1,id_2,type_2,color_2,x_2,y_2,x_vel_2,y_vel_2,angle_2,kind,id_1,type_1,color_1,x_1,y_1,x_vel_1,y_vel_1,angle_1,id_2,type_2,color_2,x_2,y_2,x_vel_2,y_vel_2,angle_2,kind,id_1,type_1,color_1,x_1,y_1,x_vel_1,y_vel_1,angle_1,id_2,type_2,color_2,x_2,y_2,x_vel_2,y_vel_2,angle_2,kind,id_1,type_1,color_1,x_1,y_1,x_vel_1,y_vel_1,angle_1,id_2,type_2,color_2,x_2,y_2,x_vel_2,y_vel_2,angle_2,kind,id_1,type_1,color_1,x_1,y_1,x_vel_1,y_vel_1,angle_1,id_2,type_2,color_2,x_2,y_2,x_vel_2,y_vel_2,angle_2,kind,id_1,type_1,color_1,x_1,y_1,x_vel_1,y_vel_1,angle_1,id_2,type_2,color_2,x_2,y_2,x_vel_2,y_vel_2,angle_2,kind,id_1,type_1,color_1,x_1,y_1,x_vel_1,y_vel_1,angle_1,id_2,type_2,color_2,x_2,y_2,x_vel_2,y_vel_2,angle_2,kind,id_1,type_1,color_1,x_1,y_1,x_vel_1,y_vel_1,angle_1,id_2,type_2,color_2,x_2,y_2,x_vel_2,y_vel_2,angle_2,kind,id_1,type_1,color_1,x_1,y_1,x_vel_1,y_vel_1,angle_1,id_2,type_2,color_2,x_2,y_2,x_vel_2,y_vel_2,angle_2,kind,id_1,type_1,color_1,x_1,y_1,x_vel_1,y_vel_1,angle_1,id_2,type_2,color_2,x_2,y_2,x_vel_2,y_vel_2,angle_2,kind,id_1,type_1,color_1,x_1,y_1,x_vel_1,y_vel_1,angle_1,id_2,type_2,color_2,x_2,y_2,x_vel_2,y_vel_2,angle_2,kind,id_1,type_1,color_1,x_1,y_1,x_vel_1,y_vel_1,angle_1,id_2,type_2,color_2,x_2,y_2,x_vel_2,y_vel_2,angle_2,kind,id_1,type_1,color_1,x_1,y_1,x_vel_1,y_vel_1,angle_1,id_2,type_2,color_2,x_2,y_2,x_vel_2,y_vel_2,angle_2,kind,id_1,type_1,color_1,x_1,y_1,x_vel_1,y_vel_1,angle_1,id_2,type_2,color_2,x_2,y_2,x_vel_2,y_vel_2,angle_2,kind,id_1,type_1,color_1,x_1,y_1,x_vel_1,y_vel_1,angle_1,id_2,type_2,color_2,x_2,y_2,x_vel_2,y_vel_2,angle_2,kind,id_1,type_1,color_1,x_1,y_1,x_vel_1,y_vel_1,angle_1,id_2,type_2,color_2,x_2,y_2,x_vel_2,y_vel_2,angle_2,kind,id_1,type_1,color_1,x_1,y_1,x_vel_1,y_vel_1,angle_1,id_2,type_2,color_2,x_2,y_2,x_vel_2,y_vel_2,angle_2,kind,id_1,type_1,color_1,x_1,y_1,x_vel_1,y_vel_1,angle_1,id_2,type_2,color_2,x_2,y_2,x_vel_2,y_vel_2,angle_2,kind,id_1,type_1,color_1,x_1,y_1,x_vel_1,y_vel_1,angle_1,id_2,type_2,color_2,x_2,y_2,x_vel_2,y_vel_2,angle_2,kind,id_1,type_1,color_1,x_1,y_1,x_vel_1,y_vel_1,angle_1,id_2,type_2,color_2,x_2,y_2,x_vel_2,y_vel_2,angle_2,kind,id_1,type_1,color_1,x_1,y_1,x_vel_1,y_vel_1,angle_1,id_2,type_2,color_2,x_2,y_2,x_vel_2,y_vel_2,angle_2,kind,id_1,type_1,color_1,x_1,y_1,x_vel_1,y_vel_1,angle_1,id_2,type_2,color_2,x_2,y_2,x_vel_2,y_vel_2,angle_2,kind,id_1,type_1,color_1,x_1,y_1,x_vel_1,y_vel_1,angle_1,id_2,type_2,color_2,x_2,y_2,x_vel_2,y_vel_2,angle_2,kind,id_1,type_1,color_1,x_1,y_1,x_vel_1,y_vel_1,angle_1,id_2,type_2,color_2,x_2,y_2,x_vel_2,y_vel_2,angle_2,kind,id_1,type_1,color_1,x_1,y_1,x_vel_1,y_vel_1,angle_1,id_2,type_2,color_2,x_2,y_2,x_vel_2,y_vel_2,angle_2,kind,id_1,type_1,color_1,x_1,y_1,x_vel_1,y_vel_1,angle_1,id_2,type_2,color_2,x_2,y_2,x_vel_2,y_vel_2,angle_2,kind,id_1,type_1,color_1,x_1,y_1,x_vel_1,y_vel_1,angle_1,id_2,type_2,color_2,x_2,y_2,x_vel_2,y_vel_2,angle_2,kind,id_1,type_1,color_1,x_1,y_1,x_vel_1,y_vel_1,angle_1,id_2,type_2,color_2,x_2,y_2,x_vel_2,y_vel_2,angle_2,kind,id_1,type_1,color_1,x_1,y_1,x_vel_1,y_vel_1,angle_1,id_2,type_2,color_2,x_2,y_2,x_vel_2,y_vel_2,angle_2,kind,id_1,type_1,color_1,x_1,y_1,x_vel_1,y_vel_1,angle_1,id_2,type_2,color_2,x_2,y_2,x_vel_2,y_vel_2,angle_2,kind,id_1,type_1,color_1,x_1,y_1,x_vel_1,y_vel_1,angle_1,id_2,type_2,color_2,x_2,y_2,x_vel_2,y_vel_2,angle_2,kind,id_1,type_1,color_1,x_1,y_1,x_vel_1,y_vel_1,angle_1,id_2,type_2,color_2,x_2,y_2,x_vel_2,y_vel_2,angle_2,kind,id_1,type_1,color_1,x_1,y_1,x_vel_1,y_vel_1,angle_1,id_2,type_2,color_2,x_2,y_2,x_vel_2,y_vel_2,angle_2,kind,id_1,type_1,color_1,x_1,y_1,x_vel_1,y_vel_1,angle_1,id_2,type_2,color_2,x_2,y_2,x_vel_2,y_vel_2,angle_2,kind,id_1,type_1,color_1,x_1,y_1,x_vel_1,y_vel_1,angle_1,id_2,type_2,color_2,x_2,y_2,x_vel_2,y_vel_2,angle_2,kind,id_1,type_1,color_1,x_1,y_1,x_vel_1,y_vel_1,angle_1,id_2,type_2,color_2,x_2,y_2,x_vel_2,y_vel_2,angle_2,kind,id_1,type_1,color_1,x_1,y_1,x_vel_1,y_vel_1,angle_1,id_2,type_2,color_2,x_2,y_2,x_vel_2,y_vel_2,angle_2,kind,id_1,type_1,color_1,x_1,y_1,x_vel_1,y_vel_1,angle_1,id_2,type_2,color_2,x_2,y_2,x_vel_2,y_vel_2,angle_2,kind,id_1,type_1,color_1,x_1,y_1,x_vel_1,y_vel_1,angle_1,id_2,type_2,color_2,x_2,y_2,x_vel_2,y_vel_2,angle_2,kind,id_1,type_1,color_1,x_1,y_1,x_vel_1,y_vel_1,angle_1,id_2,type_2,color_2,x_2,y_2,x_vel_2,y_vel_2,angle_2,kind,id_1,type_1,color_1,x_1,y_1,x_vel_1,y_vel_1,angle_1,id_2,type_2,color_2,x_2,y_2,x_vel_2,y_vel_2,angle_2,kind,id_1,type_1,color_1,x_1,y_1,x_vel_1,y_vel_1,angle_1,id_2,type_2,color_2,x_2,y_2,x_vel_2,y_vel_2,angle_2,kind,id_1,type_1,color_1,x_1,y_1,x_vel_1,y_vel_1,angle_1,id_2,type_2,color_2,x_2,y_2,x_vel_2,y_vel_2,angle_2,kind,id_1,type_1,color_1,x_1,y_1,x_vel_1,y_vel_1,angle_1,id_2,type_2,color_2,x_2,y_2,x_vel_2,y_vel_2,angle_2,kind,id_1,type_1,color_1,x_1,y_1,x_vel_1,y_vel_1,angle_1,id_2,type_2,color_2,x_2,y_2,x_vel_2,y_vel_2,angle_2,kind,id_1,type_1,color_1,x_1,y_1,x_vel_1,y_vel_1,angle_1,id_2,type_2,color_2,x_2,y_2,x_vel_2,y_vel_2,angle_2,kind,id_1,type_1,color_1,x_1,y_1,x_vel_1,y_vel_1,angle_1,id_2,type_2,color_2,x_2,y_2,x_vel_2,y_vel_2,angle_2,kind,id_1,type_1,color_1,x_1,y_1,x_vel_1,y_vel_1,angle_1,id_2,type_2,color_2,x_2,y_2,x_vel_2,y_vel_2,angle_2,kind,id_1,type_1,color_1,x_1,y_1,x_vel_1,y_vel_1,angle_1,id_2,type_2,color_2,x_2,y_2,x_vel_2,y_vel_2,angle_2,kind,id_1,type_1,color_1,x_1,y_1,x_vel_1,y_vel_1,angle_1,id_2,type_2,color_2,x_2,y_2,x_vel_2,y_vel_2,angle_2,kind,id_1,type_1,color_1,x_1,y_1,x_vel_1,y_vel_1,angle_1,id_2,type_2,color_2,x_2,y_2,x_vel_2,y_vel_2,angle_2,kind,id_1,type_1,color_1,x_1,y_1,x_vel_1,y_vel_1,angle_1,id_2,type_2,color_2,x_2,y_2,x_vel_2,y_vel_2,angle_2,kind,id_1,type_1,color_1,x_1,y_1,x_vel_1,y_vel_1,angle_1,id_2,type_2,color_2,x_2,y_2,x_vel_2,y_vel_2,angle_2,kind,id_1,type_1,color_1,x_1,y_1,x_vel_1,y_vel_1,angle_1,id_2,type_2,color_2,x_2,y_2,x_vel_2,y_vel_2,angle_2,kind,id_1,type_1,color_1,x_1,y_1,x_vel_1,y_vel_1,angle_1,id_2,type_2,color_2,x_2,y_2,x_vel_2,y_vel_2,angle_2,kind,id_1,type_1,color_1,x_1,y_1,x_vel_1,y_vel_1,angle_1,id_2,type_2,color_2,x_2,y_2,x_vel_2,y_vel_2,angle_2,kind,id_1,type_1,color_1,x_1,y_1,x_vel_1,y_vel_1,angle_1,id_2,type_2,color_2,x_2,y_2,x_vel_2,y_vel_2,angle_2,kind,id_1,type_1,color_1,x_1,y_1,x_vel_1,y_vel_1,angle_1,id_2,type_2,color_2,x_2,y_2,x_vel_2,y_vel_2,angle_2,kind,id_1,type_1,color_1,x_1,y_1,x_vel_1,y_vel_1,angle_1,id_2,type_2,color_2,x_2,y_2,x_vel_2,y_vel_2,angle_2,kind,id_1,type_1,color_1,x_1,y_1,x_vel_1,y_vel_1,angle_1,id_2,type_2,color_2,x_2,y_2,x_vel_2,y_vel_2,angle_2,kind,id_1,type_1,color_1,x_1,y_1,x_vel_1,y_vel_1,angle_1,id_2,type_2,color_2,x_2,y_2,x_vel_2,y_vel_2,angle_2,kind,id_1,type_1,color_1,x_1,y_1,x_vel_1,y_vel_1,angle_1,id_2,type_2,color_2,x_2,y_2,x_vel_2,y_vel_2,angle_2,kind,id_1,type_1,color_1,x_1,y_1,x_vel_1,y_vel_1,angle_1,id_2,type_2,color_2,x_2,y_2,x_vel_2,y_vel_2,angle_2,kind,id_1,type_1,color_1,x_1,y_1,x_vel_1,y_vel_1,angle_1,id_2,type_2,color_2,x_2,y_2,x_vel_2,y_vel_2,angle_2,kind,id_1,type_1,color_1,x_1,y_1,x_vel_1,y_vel_1,angle_1,id_2,type_2,color_2,x_2,y_2,x_vel_2,y_vel_2,angle_2,kind,id_1,type_1,color_1,x_1,y_1,x_vel_1,y_vel_1,angle_1,id_2,type_2,color_2,x_2,y_2,x_vel_2,y_vel_2,angle_2,kind,id_1,type_1,color_1,x_1,y_1,x_vel_1,y_vel_1,angle_1,id_2,type_2,color_2,x_2,y_2,x_vel_2,y_vel_2,angle_2,kind,id_1,type_1,color_1,x_1,y_1,x_vel_1,y_vel_1,angle_1,id_2,type_2,color_2,x_2,y_2,x_vel_2,y_vel_2,angle_2,kind,id_1,type_1,color_1,x_1,y_1,x_vel_1,y_vel_1,angle_1,id_2,type_2,color_2,x_2,y_2,x_vel_2,y_vel_2,angle_2,kind,id_1,type_1,color_1,x_1,y_1,x_vel_1,y_vel_1,angle_1,id_2,type_2,color_2,x_2,y_2,x_vel_2,y_vel_2,angle_2,kind,id_1,type_1,color_1,x_1,y_1,x_vel_1,y_vel_1,angle_1,id_2,type_2,color_2,x_2,y_2,x_vel_2,y_vel_2,angle_2,kind,id_1,type_1,color_1,x_1,y_1,x_vel_1,y_vel_1,angle_1,id_2,type_2,color_2,x_2,y_2,x_vel_2,y_vel_2,angle_2,kind,id_1,type_1,color_1,x_1,y_1,x_vel_1,y_vel_1,angle_1,id_2,type_2,color_2,x_2,y_2,x_vel_2,y_vel_2,angle_2,kind,id_1,type_1,color_1,x_1,y_1,x_vel_1,y_vel_1,angle_1,id_2,type_2,color_2,x_2,y_2,x_vel_2,y_vel_2,angle_2,kind,id_1,type_1,color_1,x_1,y_1,x_vel_1,y_vel_1,angle_1,id_2,type_2,color_2,x_2,y_2,x_vel_2,y_vel_2,angle_2,kind,id_1,type_1,color_1,x_1,y_1,x_vel_1,y_vel_1,angle_1,id_2,type_2,color_2,x_2,y_2,x_vel_2,y_vel_2,angle_2,kind,id_1,type_1,color_1,x_1,y_1,x_vel_1,y_vel_1,angle_1,id_2,type_2,color_2,x_2,y_2,x_vel_2,y_vel_2,angle_2,kind,id_1,type_1,color_1,x_1,y_1,x_vel_1,y_vel_1,angle_1,id_2,type_2,color_2,x_2,y_2,x_vel_2,y_vel_2,angle_2,kind,id_1,type_1,color_1,x_1,y_1,x_vel_1,y_vel_1,angle_1,id_2,type_2,color_2,x_2,y_2,x_vel_2,y_vel_2,angle_2,kind,id_1,type_1,color_1,x_1,y_1,x_vel_1,y_vel_1,angle_1,id_2,type_2,color_2,x_2,y_2,x_vel_2,y_vel_2,angle_2,kind,id_1,type_1,color_1,x_1,y_1,x_vel_1,y_vel_1,angle_1,id_2,type_2,color_2,x_2,y_2,x_vel_2,y_vel_2,angle_2,kind,id_1,type_1,color_1,x_1,y_1,x_vel_1,y_vel_1,angle_1,id_2,type_2,color_2,x_2,y_2,x_vel_2,y_vel_2,angle_2,kind,id_1,type_1,color_1,x_1,y_1,x_vel_1,y_vel_1,angle_1,id_2,type_2,color_2,x_2,y_2,x_vel_2,y_vel_2,angle_2,kind,id_1,type_1,color_1,x_1,y_1,x_vel_1,y_vel_1,angle_1,id_2,type_2,color_2,x_2,y_2,x_vel_2,y_vel_2,angle_2,kind,id_1,type_1,color_1,x_1,y_1,x_vel_1,y_vel_1,angle_1,id_2,type_2,color_2,x_2,y_2,x_vel_2,y_vel_2,angle_2,kind,id_1,type_1,color_1,x_1,y_1,x_vel_1,y_vel_1,angle_1,id_2,type_2,color_2,x_2,y_2,x_vel_2,y_vel_2,angle_2,kind,id_1,type_1,color_1,x_1,y_1,x_vel_1,y_vel_1,angle_1,id_2,type_2,color_2,x_2,y_2,x_vel_2,y_vel_2,angle_2,kind,id_1,type_1,color_1,x_1,y_1,x_vel_1,y_vel_1,angle_1,id_2,type_2,color_2,x_2,y_2,x_vel_2,y_vel_2,angle_2,kind,id_1,type_1,color_1,x_1,y_1,x_vel_1,y_vel_1,angle_1,id_2,type_2,color_2,x_2,y_2,x_vel_2,y_vel_2,angle_2,kind,id_1,type_1,color_1,x_1,y_1,x_vel_1,y_vel_1,angle_1,id_2,type_2,color_2,x_2,y_2,x_vel_2,y_vel_2,angle_2,kind,id_1,type_1,color_1,x_1,y_1,x_vel_1,y_vel_1,angle_1,id_2,type_2,color_2,x_2,y_2,x_vel_2,y_vel_2,angle_2,kind,id_1,type_1,color_1,x_1,y_1,x_vel_1,y_vel_1,angle_1,id_2,type_2,color_2,x_2,y_2,x_vel_2,y_vel_2,angle_2,kind,id_1,type_1,color_1,x_1,y_1,x_vel_1,y_vel_1,angle_1,id_2,type_2,color_2,x_2,y_2,x_vel_2,y_vel_2,angle_2,kind,id_1,type_1,color_1,x_1,y_1,x_vel_1,y_vel_1,angle_1,id_2,type_2,color_2,x_2,y_2,x_vel_2,y_vel_2,angle_2,kind,id_1,type_1,color_1,x_1,y_1,x_vel_1,y_vel_1,angle_1,id_2,type_2,color_2,x_2,y_2,x_vel_2,y_vel_2,angle_2,kind,id_1,type_1,color_1,x_1,y_1,x_vel_1,y_vel_1,angle_1,id_2,type_2,color_2,x_2,y_2,x_vel_2,y_vel_2,angle_2,kind,id_1,type_1,color_1,x_1,y_1,x_vel_1,y_vel_1,angle_1,id_2,type_2,color_2,x_2,y_2,x_vel_2,y_vel_2,angle_2,kind,id_1,type_1,color_1,x_1,y_1,x_vel_1,y_vel_1,angle_1,id_2,type_2,color_2,x_2,y_2,x_vel_2,y_vel_2,angle_2,kind,id_1,type_1,color_1,x_1,y_1,x_vel_1,y_vel_1,angle_1,id_2,type_2,color_2,x_2,y_2,x_vel_2,y_vel_2,angle_2,kind,id_1,type_1,color_1,x_1,y_1,x_vel_1,y_vel_1,angle_1,id_2,type_2,color_2,x_2,y_2,x_vel_2,y_vel_2,angle_2,kind,id_1,type_1,color_1,x_1,y_1,x_vel_1,y_vel_1,angle_1,id_2,type_2,color_2,x_2,y_2,x_vel_2,y_vel_2,angle_2,kind,id_1,type_1,color_1,x_1,y_1,x_vel_1,y_vel_1,angle_1,id_2,type_2,color_2,x_2,y_2,x_vel_2,y_vel_2,angle_2,kind,id_1,type_1,color_1,x_1,y_1,x_vel_1,y_vel_1,angle_1,id_2,type_2,color_2,x_2,y_2,x_vel_2,y_vel_2,angle_2,kind,id_1,type_1,color_1,x_1,y_1,x_vel_1,y_vel_1,angle_1,id_2,type_2,color_2,x_2,y_2,x_vel_2,y_vel_2,angle_2,kind,id_1,type_1,color_1,x_1,y_1,x_vel_1,y_vel_1,angle_1,id_2,type_2,color_2,x_2,y_2,x_vel_2,y_vel_2,angle_2,kind,id_1,type_1,color_1,x_1,y_1,x_vel_1,y_vel_1,angle_1,id_2,type_2,color_2,x_2,y_2,x_vel_2,y_vel_2,angle_2,kind,id_1,type_1,color_1,x_1,y_1,x_vel_1,y_vel_1,angle_1,id_2,type_2,color_2,x_2,y_2,x_vel_2,y_vel_2,angle_2,kind,id_1,type_1,color_1,x_1,y_1,x_vel_1,y_vel_1,angle_1,id_2,type_2,color_2,x_2,y_2,x_vel_2,y_vel_2,angle_2,kind,id_1,type_1,color_1,x_1,y_1,x_vel_1,y_vel_1,angle_1,id_2,type_2,color_2,x_2,y_2,x_vel_2,y_vel_2,angle_2,kind,id_1,type_1,color_1,x_1,y_1,x_vel_1,y_vel_1,angle_1,id_2,type_2,color_2,x_2,y_2,x_vel_2,y_vel_2,angle_2,kind,id_1,type_1,color_1,x_1,y_1,x_vel_1,y_vel_1,angle_1,id_2,type_2,color_2,x_2,y_2,x_vel_2,y_vel_2,angle_2,kind,id_1,type_1,color_1,x_1,y_1,x_vel_1,y_vel_1,angle_1,id_2,type_2,color_2,x_2,y_2,x_vel_2,y_vel_2,angle_2,kind,id_1,type_1,color_1,x_1,y_1,x_vel_1,y_vel_1,angle_1,id_2,type_2,color_2,x_2,y_2,x_vel_2,y_vel_2,angle_2,kind,id_1,type_1,color_1,x_1,y_1,x_vel_1,y_vel_1,angle_1,id_2,type_2,color_2,x_2,y_2,x_vel_2,y_vel_2,angle_2,kind,id_1,type_1,color_1,x_1,y_1,x_vel_1,y_vel_1,angle_1,id_2,type_2,color_2,x_2,y_2,x_vel_2,y_vel_2,angle_2,kind,id_1,type_1,color_1,x_1,y_1,x_vel_1,y_vel_1,angle_1,id_2,type_2,color_2,x_2,y_2,x_vel_2,y_vel_2,angle_2,kind,id_1,type_1,color_1,x_1,y_1,x_vel_1,y_vel_1,angle_1,id_2,type_2,color_2,x_2,y_2,x_vel_2,y_vel_2,angle_2,kind,id_1,type_1,color_1,x_1,y_1,x_vel_1,y_vel_1,angle_1,id_2,type_2,color_2,x_2,y_2,x_vel_2,y_vel_2,angle_2,kind,id_1,type_1,color_1,x_1,y_1,x_vel_1,y_vel_1,angle_1,id_2,type_2,color_2,x_2,y_2,x_vel_2,y_vel_2,angle_2,kind,id_1,type_1,color_1,x_1,y_1,x_vel_1,y_vel_1,angle_1,id_2,type_2,color_2,x_2,y_2,x_vel_2,y_vel_2,angle_2,kind,id_1,type_1,color_1,x_1,y_1,x_vel_1,y_vel_1,angle_1,id_2,type_2,color_2,x_2,y_2,x_vel_2,y_vel_2,angle_2,kind,id_1,type_1,color_1,x_1,y_1,x_vel_1,y_vel_1,angle_1,id_2,type_2,color_2,x_2,y_2,x_vel_2,y_vel_2,angle_2,kind,id_1,type_1,color_1,x_1,y_1,x_vel_1,y_vel_1,angle_1,id_2,type_2,color_2,x_2,y_2,x_vel_2,y_vel_2,angle_2,kind,id_1,type_1,color_1,x_1,y_1,x_vel_1,y_vel_1,angle_1,id_2,type_2,color_2,x_2,y_2,x_vel_2,y_vel_2,angle_2,kind,id_1,type_1,color_1,x_1,y_1,x_vel_1,y_vel_1,angle_1,id_2,type_2,color_2,x_2,y_2,x_vel_2,y_vel_2,angle_2,kind,id_1,type_1,color_1,x_1,y_1,x_vel_1,y_vel_1,angle_1,id_2,type_2,color_2,x_2,y_2,x_vel_2,y_vel_2,angle_2,kind,id_1,type_1,color_1,x_1,y_1,x_vel_1,y_vel_1,angle_1,id_2,type_2,color_2,x_2,y_2,x_vel_2,y_vel_2,angle_2,kind,id_1,type_1,color_1,x_1,y_1,x_vel_1,y_vel_1,angle_1,id_2,type_2,color_2,x_2,y_2,x_vel_2,y_vel_2,angle_2,kind,id_1,type_1,color_1,x_1,y_1,x_vel_1,y_vel_1,angle_1,id_2,type_2,color_2,x_2,y_2,x_vel_2,y_vel_2,angle_2,kind,id_1,type_1,color_1,x_1,y_1,x_vel_1,y_vel_1,angle_1,id_2,type_2,color_2,x_2,y_2,x_vel_2,y_vel_2,angle_2,kind,id_1,type_1,color_1,x_1,y_1,x_vel_1,y_vel_1,angle_1,id_2,type_2,color_2,x_2,y_2,x_vel_2,y_vel_2,angle_2,kind,id_1,type_1,color_1,x_1,y_1,x_vel_1,y_vel_1,angle_1,id_2,type_2,color_2,x_2,y_2,x_vel_2,y_vel_2,angle_2,kind,id_1,type_1,color_1,x_1,y_1,x_vel_1,y_vel_1,angle_1,id_2,type_2,color_2,x_2,y_2,x_vel_2,y_vel_2,angle_2,kind,id_1,type_1,color_1,x_1,y_1,x_vel_1,y_vel_1,angle_1,id_2,type_2,color_2,x_2,y_2,x_vel_2,y_vel_2,angle_2,kind,id_1,type_1,color_1,x_1,y_1,x_vel_1,y_vel_1,angle_1,id_2,type_2,color_2,x_2,y_2,x_vel_2,y_vel_2,angle_2,kind,id_1,type_1,color_1,x_1,y_1,x_vel_1,y_vel_1,angle_1,id_2,type_2,color_2,x_2,y_2,x_vel_2,y_vel_2,angle_2,kind,id_1,type_1,color_1,x_1,y_1,x_vel_1,y_vel_1,angle_1,id_2,type_2,color_2,x_2,y_2,x_vel_2,y_vel_2,angle_2,kind,id_1,type_1,color_1,x_1,y_1,x_vel_1,y_vel_1,angle_1,id_2,type_2,color_2,x_2,y_2,x_vel_2,y_vel_2,angle_2,kind,id_1,type_1,color_1,x_1,y_1,x_vel_1,y_vel_1,angle_1,id_2,type_2,color_2,x_2,y_2,x_vel_2,y_vel_2,angle_2,kind,id_1,type_1,color_1,x_1,y_1,x_vel_1,y_vel_1,angle_1,id_2,type_2,color_2,x_2,y_2,x_vel_2,y_vel_2,angle_2,kind,id_1,type_1,color_1,x_1,y_1,x_vel_1,y_vel_1,angle_1,id_2,type_2,color_2,x_2,y_2,x_vel_2,y_vel_2,angle_2,kind,id_1,type_1,color_1,x_1,y_1,x_vel_1,y_vel_1,angle_1,id_2,type_2,color_2,x_2,y_2,x_vel_2,y_vel_2,angle_2,kind,id_1,type_1,color_1,x_1,y_1,x_vel_1,y_vel_1,angle_1,id_2,type_2,color_2,x_2,y_2,x_vel_2,y_vel_2,angle_2,kind,id_1,type_1,color_1,x_1,y_1,x_vel_1,y_vel_1,angle_1,id_2,type_2,color_2,x_2,y_2,x_vel_2,y_vel_2,angle_2,kind,id_1,type_1,color_1,x_1,y_1,x_vel_1,y_vel_1,angle_1,id_2,type_2,color_2,x_2,y_2,x_vel_2,y_vel_2,angle_2,kind,id_1,type_1,color_1,x_1,y_1,x_vel_1,y_vel_1,angle_1,id_2,type_2,color_2,x_2,y_2,x_vel_2,y_vel_2,angle_2,kind,id_1,type_1,color_1,x_1,y_1,x_vel_1,y_vel_1,angle_1,id_2,type_2,color_2,x_2,y_2,x_vel_2,y_vel_2,angle_2,kind,id_1,type_1,color_1,x_1,y_1,x_vel_1,y_vel_1,angle_1,id_2,type_2,color_2,x_2,y_2,x_vel_2,y_vel_2,angle_2,kind,id_1,type_1,color_1,x_1,y_1,x_vel_1,y_vel_1,angle_1,id_2,type_2,color_2,x_2,y_2,x_vel_2,y_vel_2,angle_2,kind,id_1,type_1,color_1,x_1,y_1,x_vel_1,y_vel_1,angle_1,id_2,type_2,color_2,x_2,y_2,x_vel_2,y_vel_2,angle_2,kind,id_1,type_1,color_1,x_1,y_1,x_vel_1,y_vel_1,angle_1,id_2,type_2,color_2,x_2,y_2,x_vel_2,y_vel_2,angle_2,kind,id_1,type_1,color_1,x_1,y_1,x_vel_1,y_vel_1,angle_1,id_2,type_2,color_2,x_2,y_2,x_vel_2,y_vel_2,angle_2,kind,id_1,type_1,color_1,x_1,y_1,x_vel_1,y_vel_1,angle_1,id_2,type_2,color_2,x_2,y_2,x_vel_2,y_vel_2,angle_2,kind,id_1,type_1,color_1,x_1,y_1,x_vel_1,y_vel_1,angle_1,id_2,type_2,color_2,x_2,y_2,x_vel_2,y_vel_2,angle_2,kind,id_1,type_1,color_1,x_1,y_1,x_vel_1,y_vel_1,angle_1,id_2,type_2,color_2,x_2,y_2,x_vel_2,y_vel_2,angle_2,kind,id_1,type_1,color_1,x_1,y_1,x_vel_1,y_vel_1,angle_1,id_2,type_2,color_2,x_2,y_2,x_vel_2,y_vel_2,angle_2,kind,id_1,type_1,color_1,x_1,y_1,x_vel_1,y_vel_1,angle_1,id_2,type_2,color_2,x_2,y_2,x_vel_2,y_vel_2,angle_2,kind,id_1,type_1,color_1,x_1,y_1,x_vel_1,y_vel_1,angle_1,id_2,type_2,color_2,x_2,y_2,x_vel_2,y_vel_2,angle_2,kind,id_1,type_1,color_1,x_1,y_1,x_vel_1,y_vel_1,angle_1,id_2,type_2,color_2,x_2,y_2,x_vel_2,y_vel_2,angle_2,kind,id_1,type_1,color_1,x_1,y_1,x_vel_1,y_vel_1,angle_1,id_2,type_2,color_2,x_2,y_2,x_vel_2,y_vel_2,angle_2,kind,id_1,type_1,color_1,x_1,y_1,x_vel_1,y_vel_1,angle_1,id_2,type_2,color_2,x_2,y_2,x_vel_2,y_vel_2,angle_2,kind,id_1,type_1,color_1,x_1,y_1,x_vel_1,y_vel_1,angle_1,id_2,type_2,color_2,x_2,y_2,x_vel_2,y_vel_2,angle_2,kind,id_1,type_1,color_1,x_1,y_1,x_vel_1,y_vel_1,angle_1,id_2,type_2,color_2,x_2,y_2,x_vel_2,y_vel_2,angle_2,kind,id_1,type_1,color_1,x_1,y_1,x_vel_1,y_vel_1,angle_1,id_2,type_2,color_2,x_2,y_2,x_vel_2,y_vel_2,angle_2,kind,id_1,type_1,color_1,x_1,y_1,x_vel_1,y_vel_1,angle_1,id_2,type_2,color_2,x_2,y_2,x_vel_2,y_vel_2,angle_2,kind,id_1,type_1,color_1,x_1,y_1,x_vel_1,y_vel_1,angle_1,id_2,type_2,color_2,x_2,y_2,x_vel_2,y_vel_2,angle_2,kind,id_1,type_1,color_1,x_1,y_1,x_vel_1,y_vel_1,angle_1,id_2,type_2,color_2,x_2,y_2,x_vel_2,y_vel_2,angle_2,kind,id_1,type_1,color_1,x_1,y_1,x_vel_1,y_vel_1,angle_1,id_2,type_2,color_2,x_2,y_2,x_vel_2,y_vel_2,angle_2,kind,id_1,type_1,color_1,x_1,y_1,x_vel_1,y_vel_1,angle_1,id_2,type_2,color_2,x_2,y_2,x_vel_2,y_vel_2,angle_2,kind,id_1,type_1,color_1,x_1,y_1,x_vel_1,y_vel_1,angle_1,id_2,type_2,color_2,x_2,y_2,x_vel_2,y_vel_2,angle_2,kind,id_1,type_1,color_1,x_1,y_1,x_vel_1,y_vel_1,angle_1,id_2,type_2,color_2,x_2,y_2,x_vel_2,y_vel_2,angle_2,kind,id_1,type_1,color_1,x_1,y_1,x_vel_1,y_vel_1,angle_1,id_2,type_2,color_2,x_2,y_2,x_vel_2,y_vel_2,angle_2,kind,id_1,type_1,color_1,x_1,y_1,x_vel_1,y_vel_1,angle_1,id_2,type_2,color_2,x_2,y_2,x_vel_2,y_vel_2,angle_2,kind,id_1,type_1,color_1,x_1,y_1,x_vel_1,y_vel_1,angle_1,id_2,type_2,color_2,x_2,y_2,x_vel_2,y_vel_2,angle_2,kind,id_1,type_1,color_1,x_1,y_1,x_vel_1,y_vel_1,angle_1,id_2,type_2,color_2,x_2,y_2,x_vel_2,y_vel_2,angle_2,kind,id_1,type_1,color_1,x_1,y_1,x_vel_1,y_vel_1,angle_1,id_2,type_2,color_2,x_2,y_2,x_vel_2,y_vel_2,angle_2,kind,id_1,type_1,color_1,x_1,y_1,x_vel_1,y_vel_1,angle_1,id_2,type_2,color_2,x_2,y_2,x_vel_2,y_vel_2,angle_2,kind,id_1,type_1,color_1,x_1,y_1,x_vel_1,y_vel_1,angle_1,id_2,type_2,color_2,x_2,y_2,x_vel_2,y_vel_2,angle_2,kind,id_1,type_1,color_1,x_1,y_1,x_vel_1,y_vel_1,angle_1,id_2,type_2,color_2,x_2,y_2,x_vel_2,y_vel_2,angle_2,kind,id_1,type_1,color_1,x_1,y_1,x_vel_1,y_vel_1,angle_1,id_2,type_2,color_2,x_2,y_2,x_vel_2,y_vel_2,angle_2,kind,id_1,type_1,color_1,x_1,y_1,x_vel_1,y_vel_1,angle_1,id_2,type_2,color_2,x_2,y_2,x_vel_2,y_vel_2,angle_2,kind,id_1,type_1,color_1,x_1,y_1,x_vel_1,y_vel_1,angle_1,id_2,type_2,color_2,x_2,y_2,x_vel_2,y_vel_2,angle_2,kind,id_1,type_1,color_1,x_1,y_1,x_vel_1,y_vel_1,angle_1,id_2,type_2,color_2,x_2,y_2,x_vel_2,y_vel_2,angle_2,kind,id_1,type_1,color_1,x_1,y_1,x_vel_1,y_vel_1,angle_1,id_2,type_2,color_2,x_2,y_2,x_vel_2,y_vel_2,angle_2,kind,id_1,type_1,color_1,x_1,y_1,x_vel_1,y_vel_1,angle_1,id_2,type_2,color_2,x_2,y_2,x_vel_2,y_vel_2,angle_2,kind,id_1,type_1,color_1,x_1,y_1,x_vel_1,y_vel_1,angle_1,id_2,type_2,color_2,x_2,y_2,x_vel_2,y_vel_2,angle_2,kind,id_1,type_1,color_1,x_1,y_1,x_vel_1,y_vel_1,angle_1,id_2,type_2,color_2,x_2,y_2,x_vel_2,y_vel_2,angle_2,kind,id_1,type_1,color_1,x_1,y_1,x_vel_1,y_vel_1,angle_1,id_2,type_2,color_2,x_2,y_2,x_vel_2,y_vel_2,angle_2,kind,id_1,type_1,color_1,x_1,y_1,x_vel_1,y_vel_1,angle_1,id_2,type_2,color_2,x_2,y_2,x_vel_2,y_vel_2,angle_2,kind,id_1,type_1,color_1,x_1,y_1,x_vel_1,y_vel_1,angle_1,id_2,type_2,color_2,x_2,y_2,x_vel_2,y_vel_2,angle_2,kind,id_1,type_1,color_1,x_1,y_1,x_vel_1,y_vel_1,angle_1,id_2,type_2,color_2,x_2,y_2,x_vel_2,y_vel_2,angle_2,kind,id_1,type_1,color_1,x_1,y_1,x_vel_1,y_vel_1,angle_1,id_2,type_2,color_2,x_2,y_2,x_vel_2,y_vel_2,angle_2,kind,id_1,type_1,color_1,x_1,y_1,x_vel_1,y_vel_1,angle_1,id_2,type_2,color_2,x_2,y_2,x_vel_2,y_vel_2,angle_2,kind,id_1,type_1,color_1,x_1,y_1,x_vel_1,y_vel_1,angle_1,id_2,type_2,color_2,x_2,y_2,x_vel_2,y_vel_2,angle_2,kind,id_1,type_1,color_1,x_1,y_1,x_vel_1,y_vel_1,angle_1,id_2,type_2,color_2,x_2,y_2,x_vel_2,y_vel_2,angle_2,kind,id_1,type_1,color_1,x_1,y_1,x_vel_1,y_vel_1,angle_1,id_2,type_2,color_2,x_2,y_2,x_vel_2,y_vel_2,angle_2,kind,id_1,type_1,color_1,x_1,y_1,x_vel_1,y_vel_1,angle_1,id_2,type_2,color_2,x_2,y_2,x_vel_2,y_vel_2,angle_2,kind,id_1,type_1,color_1,x_1,y_1,x_vel_1,y_vel_1,angle_1,id_2,type_2,color_2,x_2,y_2,x_vel_2,y_vel_2,angle_2,kind,id_1,type_1,color_1,x_1,y_1,x_vel_1,y_vel_1,angle_1,id_2,type_2,color_2,x_2,y_2,x_vel_2,y_vel_2,angle_2,kind,id_1,type_1,color_1,x_1,y_1,x_vel_1,y_vel_1,angle_1,id_2,type_2,color_2,x_2,y_2,x_vel_2,y_vel_2,angle_2,kind,id_1,type_1,color_1,x_1,y_1,x_vel_1,y_vel_1,angle_1,id_2,type_2,color_2,x_2,y_2,x_vel_2,y_vel_2,angle_2,kind,id_1,type_1,color_1,x_1,y_1,x_vel_1,y_vel_1,angle_1,id_2,type_2,color_2,x_2,y_2,x_vel_2,y_vel_2,angle_2,kind,id_1,type_1,color_1,x_1,y_1,x_vel_1,y_vel_1,angle_1,id_2,type_2,color_2,x_2,y_2,x_vel_2,y_vel_2,angle_2,kind,id_1,type_1,color_1,x_1,y_1,x_vel_1,y_vel_1,angle_1,id_2,type_2,color_2,x_2,y_2,x_vel_2,y_vel_2,angle_2,kind,id_1,type_1,color_1,x_1,y_1,x_vel_1,y_vel_1,angle_1,id_2,type_2,color_2,x_2,y_2,x_vel_2,y_vel_2,angle_2,kind,id_1,type_1,color_1,x_1,y_1,x_vel_1,y_vel_1,angle_1,id_2,type_2,color_2,x_2,y_2,x_vel_2,y_vel_2,angle_2,kind,id_1,type_1,color_1,x_1,y_1,x_vel_1,y_vel_1,angle_1,id_2,type_2,color_2,x_2,y_2,x_vel_2,y_vel_2,angle_2,kind,id_1,type_1,color_1,x_1,y_1,x_vel_1,y_vel_1,angle_1,id_2,type_2,color_2,x_2,y_2,x_vel_2,y_vel_2,angle_2,kind,id_1,type_1,color_1,x_1,y_1,x_vel_1,y_vel_1,angle_1,id_2,type_2,color_2,x_2,y_2,x_vel_2,y_vel_2,angle_2,kind,id_1,type_1,color_1,x_1,y_1,x_vel_1,y_vel_1,angle_1,id_2,type_2,color_2,x_2,y_2,x_vel_2,y_vel_2,angle_2,kind,id_1,type_1,color_1,x_1,y_1,x_vel_1,y_vel_1,angle_1,id_2,type_2,color_2,x_2,y_2,x_vel_2,y_vel_2,angle_2,kind,id_1,type_1,color_1,x_1,y_1,x_vel_1,y_vel_1,angle_1,id_2,type_2,color_2,x_2,y_2,x_vel_2,y_vel_2,angle_2,kind,id_1,type_1,color_1,x_1,y_1,x_vel_1,y_vel_1,angle_1,id_2,type_2,color_2,x_2,y_2,x_vel_2,y_vel_2,angle_2,kind,id_1,type_1,color_1,x_1,y_1,x_vel_1,y_vel_1,angle_1,id_2,type_2,color_2,x_2,y_2,x_vel_2,y_vel_2,angle_2,kind,id_1,type_1,color_1,x_1,y_1,x_vel_1,y_vel_1,angle_1,id_2,type_2,color_2,x_2,y_2,x_vel_2,y_vel_2,angle_2,kind,id_1,type_1,color_1,x_1,y_1,x_vel_1,y_vel_1,angle_1,id_2,type_2,color_2,x_2,y_2,x_vel_2,y_vel_2,angle_2,kind,id_1,type_1,color_1,x_1,y_1,x_vel_1,y_vel_1,angle_1,id_2,type_2,color_2,x_2,y_2,x_vel_2,y_vel_2,angle_2,kind,id_1,type_1,color_1,x_1,y_1,x_vel_1,y_vel_1,angle_1,id_2,type_2,color_2,x_2,y_2,x_vel_2,y_vel_2,angle_2,kind,id_1,type_1,color_1,x_1,y_1,x_vel_1,y_vel_1,angle_1,id_2,type_2,color_2,x_2,y_2,x_vel_2,y_vel_2,angle_2,kind,id_1,type_1,color_1,x_1,y_1,x_vel_1,y_vel_1,angle_1,id_2,type_2,color_2,x_2,y_2,x_vel_2,y_vel_2,angle_2,kind,id_1,type_1,color_1,x_1,y_1,x_vel_1,y_vel_1,angle_1,id_2,type_2,color_2,x_2,y_2,x_vel_2,y_vel_2,angle_2,kind,id_1,type_1,color_1,x_1,y_1,x_vel_1,y_vel_1,angle_1,id_2,type_2,color_2,x_2,y_2,x_vel_2,y_vel_2,angle_2,kind,id_1,type_1,color_1,x_1,y_1,x_vel_1,y_vel_1,angle_1,id_2,type_2,color_2,x_2,y_2,x_vel_2,y_vel_2,angle_2,kind,id_1,type_1,color_1,x_1,y_1,x_vel_1,y_vel_1,angle_1,id_2,type_2,color_2,x_2,y_2,x_vel_2,y_vel_2,angle_2,kind,id_1,type_1,color_1,x_1,y_1,x_vel_1,y_vel_1,angle_1,id_2,type_2,color_2,x_2,y_2,x_vel_2,y_vel_2,angle_2,kind,id_1,type_1,color_1,x_1,y_1,x_vel_1,y_vel_1,angle_1,id_2,type_2,color_2,x_2,y_2,x_vel_2,y_vel_2,angle_2,kind,id_1,type_1,color_1,x_1,y_1,x_vel_1,y_vel_1,angle_1,id_2,type_2,color_2,x_2,y_2,x_vel_2,y_vel_2,angle_2,kind,id_1,type_1,color_1,x_1,y_1,x_vel_1,y_vel_1,angle_1,id_2,type_2,color_2,x_2,y_2,x_vel_2,y_vel_2,angle_2,kind,id_1,type_1,color_1,x_1,y_1,x_vel_1,y_vel_1,angle_1,id_2,type_2,color_2,x_2,y_2,x_vel_2,y_vel_2,angle_2,kind,id_1,type_1,color_1,x_1,y_1,x_vel_1,y_vel_1,angle_1,id_2,type_2,color_2,x_2,y_2,x_vel_2,y_vel_2,angle_2,kind,id_1,type_1,color_1,x_1,y_1,x_vel_1,y_vel_1,angle_1,id_2,type_2,color_2,x_2,y_2,x_vel_2,y_vel_2,angle_2,kind,id_1,type_1,color_1,x_1,y_1,x_vel_1,y_vel_1,angle_1,id_2,type_2,color_2,x_2,y_2,x_vel_2,y_vel_2,angle_2,kind,id_1,type_1,color_1,x_1,y_1,x_vel_1,y_vel_1,angle_1,id_2,type_2,color_2,x_2,y_2,x_vel_2,y_vel_2,angle_2,kind,id_1,type_1,color_1,x_1,y_1,x_vel_1,y_vel_1,angle_1,id_2,type_2,color_2,x_2,y_2,x_vel_2,y_vel_2,angle_2,kind,id_1,type_1,color_1,x_1,y_1,x_vel_1,y_vel_1,angle_1,id_2,type_2,color_2,x_2,y_2,x_vel_2,y_vel_2,angle_2,kind,id_1,type_1,color_1,x_1,y_1,x_vel_1,y_vel_1,angle_1,id_2,type_2,color_2,x_2,y_2,x_vel_2,y_vel_2,angle_2,kind,id_1,type_1,color_1,x_1,y_1,x_vel_1,y_vel_1,angle_1,id_2,type_2,color_2,x_2,y_2,x_vel_2,y_vel_2,angle_2,kind,id_1,type_1,color_1,x_1,y_1,x_vel_1,y_vel_1,angle_1,id_2,type_2,color_2,x_2,y_2,x_vel_2,y_vel_2,angle_2,kind,id_1,type_1,color_1,x_1,y_1,x_vel_1,y_vel_1,angle_1,id_2,type_2,color_2,x_2,y_2,x_vel_2,y_vel_2,angle_2,kind,id_1,type_1,color_1,x_1,y_1,x_vel_1,y_vel_1,angle_1,id_2,type_2,color_2,x_2,y_2,x_vel_2,y_vel_2,angle_2,kind,id_1,type_1,color_1,x_1,y_1,x_vel_1,y_vel_1,angle_1,id_2,type_2,color_2,x_2,y_2,x_vel_2,y_vel_2,angle_2,kind,id_1,type_1,color_1,x_1,y_1,x_vel_1,y_vel_1,angle_1,id_2,type_2,color_2,x_2,y_2,x_vel_2,y_vel_2,angle_2,kind,id_1,type_1,color_1,x_1,y_1,x_vel_1,y_vel_1,angle_1,id_2,type_2,color_2,x_2,y_2,x_vel_2,y_vel_2,angle_2,kind,id_1,type_1,color_1,x_1,y_1,x_vel_1,y_vel_1,angle_1,id_2,type_2,color_2,x_2,y_2,x_vel_2,y_vel_2,angle_2,kind,id_1,type_1,color_1,x_1,y_1,x_vel_1,y_vel_1,angle_1,id_2,type_2,color_2,x_2,y_2,x_vel_2,y_vel_2,angle_2,kind,id_1,type_1,color_1,x_1,y_1,x_vel_1,y_vel_1,angle_1,id_2,type_2,color_2,x_2,y_2,x_vel_2,y_vel_2,angle_2,kind,id_1,type_1,color_1,x_1,y_1,x_vel_1,y_vel_1,angle_1,id_2,type_2,color_2,x_2,y_2,x_vel_2,y_vel_2,angle_2,kind,id_1,type_1,color_1,x_1,y_1,x_vel_1,y_vel_1,angle_1,id_2,type_2,color_2,x_2,y_2,x_vel_2,y_vel_2,angle_2,kind,id_1,type_1,color_1,x_1,y_1,x_vel_1,y_vel_1,angle_1,id_2,type_2,color_2,x_2,y_2,x_vel_2,y_vel_2,angle_2,kind,id_1,type_1,color_1,x_1,y_1,x_vel_1,y_vel_1,angle_1,id_2,type_2,color_2,x_2,y_2,x_vel_2,y_vel_2,angle_2,kind,id_1,type_1,color_1,x_1,y_1,x_vel_1,y_vel_1,angle_1,id_2,type_2,color_2,x_2,y_2,x_vel_2,y_vel_2,angle_2,kind,id_1,type_1,color_1,x_1,y_1,x_vel_1,y_vel_1,angle_1,id_2,type_2,color_2,x_2,y_2,x_vel_2,y_vel_2,angle_2,kind,id_1,type_1,color_1,x_1,y_1,x_vel_1,y_vel_1,angle_1,id_2,type_2,color_2,x_2,y_2,x_vel_2,y_vel_2,angle_2,kind,id_1,type_1,color_1,x_1,y_1,x_vel_1,y_vel_1,angle_1,id_2,type_2,color_2,x_2,y_2,x_vel_2,y_vel_2,angle_2,kind,id_1,type_1,color_1,x_1,y_1,x_vel_1,y_vel_1,angle_1,id_2,type_2,color_2,x_2,y_2,x_vel_2,y_vel_2,angle_2,kind,id_1,type_1,color_1,x_1,y_1,x_vel_1,y_vel_1,angle_1,id_2,type_2,color_2,x_2,y_2,x_vel_2,y_vel_2,angle_2,kind,id_1,type_1,color_1,x_1,y_1,x_vel_1,y_vel_1,angle_1,id_2,type_2,color_2,x_2,y_2,x_vel_2,y_vel_2,angle_2,kind,id_1,type_1,color_1,x_1,y_1,x_vel_1,y_vel_1,angle_1,id_2,type_2,color_2,x_2,y_2,x_vel_2,y_vel_2,angle_2,kind,id_1,type_1,color_1,x_1,y_1,x_vel_1,y_vel_1,angle_1,id_2,type_2,color_2,x_2,y_2,x_vel_2,y_vel_2,angle_2,kind,id_1,type_1,color_1,x_1,y_1,x_vel_1,y_vel_1,angle_1,id_2,type_2,color_2,x_2,y_2,x_vel_2,y_vel_2,angle_2,kind,id_1,type_1,color_1,x_1,y_1,x_vel_1,y_vel_1,angle_1,id_2,type_2,color_2,x_2,y_2,x_vel_2,y_vel_2,angle_2,kind,id_1,type_1,color_1,x_1,y_1,x_vel_1,y_vel_1,angle_1,id_2,type_2,color_2,x_2,y_2,x_vel_2,y_vel_2,angle_2,kind,id_1,type_1,color_1,x_1,y_1,x_vel_1,y_vel_1,angle_1,id_2,type_2,color_2,x_2,y_2,x_vel_2,y_vel_2,angle_2,kind,id_1,type_1,color_1,x_1,y_1,x_vel_1,y_vel_1,angle_1,id_2,type_2,color_2,x_2,y_2,x_vel_2,y_vel_2,angle_2,kind,id_1,type_1,color_1,x_1,y_1,x_vel_1,y_vel_1,angle_1,id_2,type_2,color_2,x_2,y_2,x_vel_2,y_vel_2,angle_2,kind,id_1,type_1,color_1,x_1,y_1,x_vel_1,y_vel_1,angle_1,id_2,type_2,color_2,x_2,y_2,x_vel_2,y_vel_2,angle_2,kind,id_1,type_1,color_1,x_1,y_1,x_vel_1,y_vel_1,angle_1,id_2,type_2,color_2,x_2,y_2,x_vel_2,y_vel_2,angle_2,kind,id_1,type_1,color_1,x_1,y_1,x_vel_1,y_vel_1,angle_1,id_2,type_2,color_2,x_2,y_2,x_vel_2,y_vel_2,angle_2,kind,id_1,type_1,color_1,x_1,y_1,x_vel_1,y_vel_1,angle_1,id_2,type_2,color_2,x_2,y_2,x_vel_2,y_vel_2,angle_2,kind,id_1,type_1,color_1,x_1,y_1,x_vel_1,y_vel_1,angle_1,id_2,type_2,color_2,x_2,y_2,x_vel_2,y_vel_2,angle_2,kind,id_1,type_1,color_1,x_1,y_1,x_vel_1,y_vel_1,angle_1,id_2,type_2,color_2,x_2,y_2,x_vel_2,y_vel_2,angle_2,kind,id_1,type_1,color_1,x_1,y_1,x_vel_1,y_vel_1,angle_1,id_2,type_2,color_2,x_2,y_2,x_vel_2,y_vel_2,angle_2,kind,id_1,type_1,color_1,x_1,y_1,x_vel_1,y_vel_1,angle_1,id_2,type_2,color_2,x_2,y_2,x_vel_2,y_vel_2,angle_2,kind,id_1,type_1,color_1,x_1,y_1,x_vel_1,y_vel_1,angle_1,id_2,type_2,color_2,x_2,y_2,x_vel_2,y_vel_2,angle_2,kind,id_1,type_1,color_1,x_1,y_1,x_vel_1,y_vel_1,angle_1,id_2,type_2,color_2,x_2,y_2,x_vel_2,y_vel_2,angle_2,kind,id_1,type_1,color_1,x_1,y_1,x_vel_1,y_vel_1,angle_1,id_2,type_2,color_2,x_2,y_2,x_vel_2,y_vel_2,angle_2,kind,id_1,type_1,color_1,x_1,y_1,x_vel_1,y_vel_1,angle_1,id_2,type_2,color_2,x_2,y_2,x_vel_2,y_vel_2,angle_2,kind,id_1,type_1,color_1,x_1,y_1,x_vel_1,y_vel_1,angle_1,id_2,type_2,color_2,x_2,y_2,x_vel_2,y_vel_2,angle_2,kind,id_1,type_1,color_1,x_1,y_1,x_vel_1,y_vel_1,angle_1,id_2,type_2,color_2,x_2,y_2,x_vel_2,y_vel_2,angle_2,kind,id_1,type_1,color_1,x_1,y_1,x_vel_1,y_vel_1,angle_1,id_2,type_2,color_2,x_2,y_2,x_vel_2,y_vel_2,angle_2,kind,id_1,type_1,color_1,x_1,y_1,x_vel_1,y_vel_1,angle_1,id_2,type_2,color_2,x_2,y_2,x_vel_2,y_vel_2,angle_2,kind,id_1,type_1,color_1,x_1,y_1,x_vel_1,y_vel_1,angle_1,id_2,type_2,color_2,x_2,y_2,x_vel_2,y_vel_2,angle_2,kind,id_1,type_1,color_1,x_1,y_1,x_vel_1,y_vel_1,angle_1,id_2,type_2,color_2,x_2,y_2,x_vel_2,y_vel_2,angle_2,kind,id_1,type_1,color_1,x_1,y_1,x_vel_1,y_vel_1,angle_1,id_2,type_2,color_2,x_2,y_2,x_vel_2,y_vel_2,angle_2,kind,id_1,type_1,color_1,x_1,y_1,x_vel_1,y_vel_1,angle_1,id_2,type_2,color_2,x_2,y_2,x_vel_2,y_vel_2,angle_2,kind,id_1,type_1,color_1,x_1,y_1,x_vel_1,y_vel_1,angle_1,id_2,type_2,color_2,x_2,y_2,x_vel_2,y_vel_2,angle_2,kind,id_1,type_1,color_1,x_1,y_1,x_vel_1,y_vel_1,angle_1,id_2,type_2,color_2,x_2,y_2,x_vel_2,y_vel_2,angle_2,kind,id_1,type_1,color_1,x_1,y_1,x_vel_1,y_vel_1,angle_1,id_2,type_2,color_2,x_2,y_2,x_vel_2,y_vel_2,angle_2,kind,id_1,type_1,color_1,x_1,y_1,x_vel_1,y_vel_1,angle_1,id_2,type_2,color_2,x_2,y_2,x_vel_2,y_vel_2,angle_2,kind,id_1,type_1,color_1,x_1,y_1,x_vel_1,y_vel_1,angle_1,id_2,type_2,color_2,x_2,y_2,x_vel_2,y_vel_2,angle_2,kind,id_1,type_1,color_1,x_1,y_1,x_vel_1,y_vel_1,angle_1,id_2,type_2,color_2,x_2,y_2,x_vel_2,y_vel_2,angle_2,kind,id_1,type_1,color_1,x_1,y_1,x_vel_1,y_vel_1,angle_1,id_2,type_2,color_2,x_2,y_2,x_vel_2,y_vel_2,angle_2,kind,id_1,type_1,color_1,x_1,y_1,x_vel_1,y_vel_1,angle_1,id_2,type_2,color_2,x_2,y_2,x_vel_2,y_vel_2,angle_2,kind,id_1,type_1,color_1,x_1,y_1,x_vel_1,y_vel_1,angle_1,id_2,type_2,color_2,x_2,y_2,x_vel_2,y_vel_2,angle_2,kind,id_1,type_1,color_1,x_1,y_1,x_vel_1,y_vel_1,angle_1,id_2,type_2,color_2,x_2,y_2,x_vel_2,y_vel_2,angle_2,kind,id_1,type_1,color_1,x_1,y_1,x_vel_1,y_vel_1,angle_1,id_2,type_2,color_2,x_2,y_2,x_vel_2,y_vel_2,angle_2,kind,id_1,type_1,color_1,x_1,y_1,x_vel_1,y_vel_1,angle_1,id_2,type_2,color_2,x_2,y_2,x_vel_2,y_vel_2,angle_2,kind,id_1,type_1,color_1,x_1,y_1,x_vel_1,y_vel_1,angle_1,id_2,type_2,color_2,x_2,y_2,x_vel_2,y_vel_2,angle_2,kind,id_1,type_1,color_1,x_1,y_1,x_vel_1,y_vel_1,angle_1,id_2,type_2,color_2,x_2,y_2,x_vel_2,y_vel_2,angle_2,kind,id_1,type_1,color_1,x_1,y_1,x_vel_1,y_vel_1,angle_1,id_2,type_2,color_2,x_2,y_2,x_vel_2,y_vel_2,angle_2,kind,id_1,type_1,color_1,x_1,y_1,x_vel_1,y_vel_1,angle_1,id_2,type_2,color_2,x_2,y_2,x_vel_2,y_vel_2,angle_2,kind,id_1,type_1,color_1,x_1,y_1,x_vel_1,y_vel_1,angle_1,id_2,type_2,color_2,x_2,y_2,x_vel_2,y_vel_2,angle_2,kind,id_1,type_1,color_1,x_1,y_1,x_vel_1,y_vel_1,angle_1,id_2,type_2,color_2,x_2,y_2,x_vel_2,y_vel_2,angle_2,kind,id_1,type_1,color_1,x_1,y_1,x_vel_1,y_vel_1,angle_1,id_2,type_2,color_2,x_2,y_2,x_vel_2,y_vel_2,angle_2,kind,id_1,type_1,color_1,x_1,y_1,x_vel_1,y_vel_1,angle_1,id_2,type_2,color_2,x_2,y_2,x_vel_2,y_vel_2,angle_2,kind,id_1,type_1,color_1,x_1,y_1,x_vel_1,y_vel_1,angle_1,id_2,type_2,color_2,x_2,y_2,x_vel_2,y_vel_2,angle_2,kind,id_1,type_1,color_1,x_1,y_1,x_vel_1,y_vel_1,angle_1,id_2,type_2,color_2,x_2,y_2,x_vel_2,y_vel_2,angle_2,kind,id_1,type_1,color_1,x_1,y_1,x_vel_1,y_vel_1,angle_1,id_2,type_2,color_2,x_2,y_2,x_vel_2,y_vel_2,angle_2,kind,id_1,type_1,color_1,x_1,y_1,x_vel_1,y_vel_1,angle_1,id_2,type_2,color_2,x_2,y_2,x_vel_2,y_vel_2,angle_2,kind,id_1,type_1,color_1,x_1,y_1,x_vel_1,y_vel_1,angle_1,id_2,type_2,color_2,x_2,y_2,x_vel_2,y_vel_2,angle_2,kind,id_1,type_1,color_1,x_1,y_1,x_vel_1,y_vel_1,angle_1,id_2,type_2,color_2,x_2,y_2,x_vel_2,y_vel_2,angle_2,kind,id_1,type_1,color_1,x_1,y_1,x_vel_1,y_vel_1,angle_1,id_2,type_2,color_2,x_2,y_2,x_vel_2,y_vel_2,angle_2,kind,id_1,type_1,color_1,x_1,y_1,x_vel_1,y_vel_1,angle_1,id_2,type_2,color_2,x_2,y_2,x_vel_2,y_vel_2,angle_2,kind,id_1,type_1,color_1,x_1,y_1,x_vel_1,y_vel_1,angle_1,id_2,type_2,color_2,x_2,y_2,x_vel_2,y_vel_2,angle_2,kind,id_1,type_1,color_1,x_1,y_1,x_vel_1,y_vel_1,angle_1,id_2,type_2,color_2,x_2,y_2,x_vel_2,y_vel_2,angle_2,kind,id_1,type_1,color_1,x_1,y_1,x_vel_1,y_vel_1,angle_1,id_2,type_2,color_2,x_2,y_2,x_vel_2,y_vel_2,angle_2,kind,id_1,type_1,color_1,x_1,y_1,x_vel_1,y_vel_1,angle_1,id_2,type_2,color_2,x_2,y_2,x_vel_2,y_vel_2,angle_2,kind,id_1,type_1,color_1,x_1,y_1,x_vel_1,y_vel_1,angle_1,id_2,type_2,color_2,x_2,y_2,x_vel_2,y_vel_2,angle_2,kind,id_1,type_1,color_1,x_1,y_1,x_vel_1,y_vel_1,angle_1,id_2,type_2,color_2,x_2,y_2,x_vel_2,y_vel_2,angle_2,kind,id_1,type_1,color_1,x_1,y_1,x_vel_1,y_vel_1,angle_1,id_2,type_2,color_2,x_2,y_2,x_vel_2,y_vel_2,angle_2,kind,id_1,type_1,color_1,x_1,y_1,x_vel_1,y_vel_1,angle_1,id_2,type_2,color_2,x_2,y_2,x_vel_2,y_vel_2,angle_2,kind,id_1,type_1,color_1,x_1,y_1,x_vel_1,y_vel_1,angle_1,id_2,type_2,color_2,x_2,y_2,x_vel_2,y_vel_2,angle_2,kind,id_1,type_1,color_1,x_1,y_1,x_vel_1,y_vel_1,angle_1,id_2,type_2,color_2,x_2,y_2,x_vel_2,y_vel_2,angle_2,kind,id_1,type_1,color_1,x_1,y_1,x_vel_1,y_vel_1,angle_1,id_2,type_2,color_2,x_2,y_2,x_vel_2,y_vel_2,angle_2,kind,id_1,type_1,color_1,x_1,y_1,x_vel_1,y_vel_1,angle_1,id_2,type_2,color_2,x_2,y_2,x_vel_2,y_vel_2,angle_2,kind,id_1,type_1,color_1,x_1,y_1,x_vel_1,y_vel_1,angle_1,id_2,type_2,color_2,x_2,y_2,x_vel_2,y_vel_2,angle_2,kind,id_1,type_1,color_1,x_1,y_1,x_vel_1,y_vel_1,angle_1,id_2,type_2,color_2,x_2,y_2,x_vel_2,y_vel_2,angle_2,kind,id_1,type_1,color_1,x_1,y_1,x_vel_1,y_vel_1,angle_1,id_2,type_2,color_2,x_2,y_2,x_vel_2,y_vel_2,angle_2,kind,id_1,type_1,color_1,x_1,y_1,x_vel_1,y_vel_1,angle_1,id_2,type_2,color_2,x_2,y_2,x_vel_2,y_vel_2,angle_2,kind,id_1,type_1,color_1,x_1,y_1,x_vel_1,y_vel_1,angle_1,id_2,type_2,color_2,x_2,y_2,x_vel_2,y_vel_2,angle_2,kind,id_1,type_1,color_1,x_1,y_1,x_vel_1,y_vel_1,angle_1,id_2,type_2,color_2,x_2,y_2,x_vel_2,y_vel_2,angle_2,kind,id_1,type_1,color_1,x_1,y_1,x_vel_1,y_vel_1,angle_1,id_2,type_2,color_2,x_2,y_2,x_vel_2,y_vel_2,angle_2,kind,id_1,type_1,color_1,x_1,y_1,x_vel_1,y_vel_1,angle_1,id_2,type_2,color_2,x_2,y_2,x_vel_2,y_vel_2,angle_2,kind,id_1,type_1,color_1,x_1,y_1,x_vel_1,y_vel_1,angle_1,id_2,type_2,color_2,x_2,y_2,x_vel_2,y_vel_2,angle_2,kind,id_1,type_1,color_1,x_1,y_1,x_vel_1,y_vel_1,angle_1,id_2,type_2,color_2,x_2,y_2,x_vel_2,y_vel_2,angle_2,kind,id_1,type_1,color_1,x_1,y_1,x_vel_1,y_vel_1,angle_1,id_2,type_2,color_2,x_2,y_2,x_vel_2,y_vel_2,angle_2,kind,id_1,type_1,color_1,x_1,y_1,x_vel_1,y_vel_1,angle_1,id_2,type_2,color_2,x_2,y_2,x_vel_2,y_vel_2,angle_2,kind,id_1,type_1,color_1,x_1,y_1,x_vel_1,y_vel_1,angle_1,id_2,type_2,color_2,x_2,y_2,x_vel_2,y_vel_2,angle_2,kind,id_1,type_1,color_1,x_1,y_1,x_vel_1,y_vel_1,angle_1,id_2,type_2,color_2,x_2,y_2,x_vel_2,y_vel_2,angle_2,kind,id_1,type_1,color_1,x_1,y_1,x_vel_1,y_vel_1,angle_1,id_2,type_2,color_2,x_2,y_2,x_vel_2,y_vel_2,angle_2,kind,id_1,type_1,color_1,x_1,y_1,x_vel_1,y_vel_1,angle_1,id_2,type_2,color_2,x_2,y_2,x_vel_2,y_vel_2,angle_2,kind,id_1,type_1,color_1,x_1,y_1,x_vel_1,y_vel_1,angle_1,id_2,type_2,color_2,x_2,y_2,x_vel_2,y_vel_2,angle_2,kind,id_1,type_1,color_1,x_1,y_1,x_vel_1,y_vel_1,angle_1,id_2,type_2,color_2,x_2,y_2,x_vel_2,y_vel_2,angle_2,kind,id_1,type_1,color_1,x_1,y_1,x_vel_1,y_vel_1,angle_1,id_2,type_2,color_2,x_2,y_2,x_vel_2,y_vel_2,angle_2,kind,id_1,type_1,color_1,x_1,y_1,x_vel_1,y_vel_1,angle_1,id_2,type_2,color_2,x_2,y_2,x_vel_2,y_vel_2,angle_2,kind,id_1,type_1,color_1,x_1,y_1,x_vel_1,y_vel_1,angle_1,id_2,type_2,color_2,x_2,y_2,x_vel_2,y_vel_2,angle_2,kind,id_1,type_1,color_1,x_1,y_1,x_vel_1,y_vel_1,angle_1,id_2,type_2,color_2,x_2,y_2,x_vel_2,y_vel_2,angle_2,kind,id_1,type_1,color_1,x_1,y_1,x_vel_1,y_vel_1,angle_1,id_2,type_2,color_2,x_2,y_2,x_vel_2,y_vel_2,angle_2,kind,id_1,type_1,color_1,x_1,y_1,x_vel_1,y_vel_1,angle_1,id_2,type_2,color_2,x_2,y_2,x_vel_2,y_vel_2,angle_2,kind,id_1,type_1,color_1,x_1,y_1,x_vel_1,y_vel_1,angle_1,id_2,type_2,color_2,x_2,y_2,x_vel_2,y_vel_2,angle_2,kind,id_1,type_1,color_1,x_1,y_1,x_vel_1,y_vel_1,angle_1,id_2,type_2,color_2,x_2,y_2,x_vel_2,y_vel_2,angle_2,kind,id_1,type_1,color_1,x_1,y_1,x_vel_1,y_vel_1,angle_1,id_2,type_2,color_2,x_2,y_2,x_vel_2,y_vel_2,angle_2,kind,id_1,type_1,color_1,x_1,y_1,x_vel_1,y_vel_1,angle_1,id_2,type_2,color_2,x_2,y_2,x_vel_2,y_vel_2,angle_2,kind,id_1,type_1,color_1,x_1,y_1,x_vel_1,y_vel_1,angle_1,id_2,type_2,color_2,x_2,y_2,x_vel_2,y_vel_2,angle_2,kind,id_1,type_1,color_1,x_1,y_1,x_vel_1,y_vel_1,angle_1,id_2,type_2,color_2,x_2,y_2,x_vel_2,y_vel_2,angle_2,kind,id_1,type_1,color_1,x_1,y_1,x_vel_1,y_vel_1,angle_1,id_2,type_2,color_2,x_2,y_2,x_vel_2,y_vel_2,angle_2,kind,id_1,type_1,color_1,x_1,y_1,x_vel_1,y_vel_1,angle_1,id_2,type_2,color_2,x_2,y_2,x_vel_2,y_vel_2,angle_2,kind,id_1,type_1,color_1,x_1,y_1,x_vel_1,y_vel_1,angle_1,id_2,type_2,color_2,x_2,y_2,x_vel_2,y_vel_2,angle_2,kind,id_1,type_1,color_1,x_1,y_1,x_vel_1,y_vel_1,angle_1,id_2,type_2,color_2,x_2,y_2,x_vel_2,y_vel_2,angle_2,kind,id_1,type_1,color_1,x_1,y_1,x_vel_1,y_vel_1,angle_1,id_2,type_2,color_2,x_2,y_2,x_vel_2,y_vel_2,angle_2,kind,id_1,type_1,color_1,x_1,y_1,x_vel_1,y_vel_1,angle_1,id_2,type_2,color_2,x_2,y_2,x_vel_2,y_vel_2,angle_2,kind,id_1,type_1,color_1,x_1,y_1,x_vel_1,y_vel_1,angle_1,id_2,type_2,color_2,x_2,y_2,x_vel_2,y_vel_2,angle_2,kind,id_1,type_1,color_1,x_1,y_1,x_vel_1,y_vel_1,angle_1,id_2,type_2,color_2,x_2,y_2,x_vel_2,y_vel_2,angle_2,kind,id_1,type_1,color_1,x_1,y_1,x_vel_1,y_vel_1,angle_1,id_2,type_2,color_2,x_2,y_2,x_vel_2,y_vel_2,angle_2,kind,id_1,type_1,color_1,x_1,y_1,x_vel_1,y_vel_1,angle_1,id_2,type_2,color_2,x_2,y_2,x_vel_2,y_vel_2,angle_2,kind,id_1,type_1,color_1,x_1,y_1,x_vel_1,y_vel_1,angle_1,id_2,type_2,color_2,x_2,y_2,x_vel_2,y_vel_2,angle_2,kind,id_1,type_1,color_1,x_1,y_1,x_vel_1,y_vel_1,angle_1,id_2,type_2,color_2,x_2,y_2,x_vel_2,y_vel_2,angle_2,kind,id_1,type_1,color_1,x_1,y_1,x_vel_1,y_vel_1,angle_1,id_2,type_2,color_2,x_2,y_2,x_vel_2,y_vel_2,angle_2,kind,id_1,type_1,color_1,x_1,y_1,x_vel_1,y_vel_1,angle_1,id_2,type_2,color_2,x_2,y_2,x_vel_2,y_vel_2,angle_2,kind,id_1,type_1,color_1,x_1,y_1,x_vel_1,y_vel_1,angle_1,id_2,type_2,color_2,x_2,y_2,x_vel_2,y_vel_2,angle_2,kind,id_1,type_1,color_1,x_1,y_1,x_vel_1,y_vel_1,angle_1,id_2,type_2,color_2,x_2,y_2,x_vel_2,y_vel_2,angle_2,kind,id_1,type_1,color_1,x_1,y_1,x_vel_1,y_vel_1,angle_1,id_2,type_2,color_2,x_2,y_2,x_vel_2,y_vel_2,angle_2,kind,id_1,type_1,color_1,x_1,y_1,x_vel_1,y_vel_1,angle_1,id_2,type_2,color_2,x_2,y_2,x_vel_2,y_vel_2,angle_2,kind,id_1,type_1,color_1,x_1,y_1,x_vel_1,y_vel_1,angle_1,id_2,type_2,color_2,x_2,y_2,x_vel_2,y_vel_2,angle_2,kind,id_1,type_1,color_1,x_1,y_1,x_vel_1,y_vel_1,angle_1,id_2,type_2,color_2,x_2,y_2,x_vel_2,y_vel_2,angle_2,kind,id_1,type_1,color_1,x_1,y_1,x_vel_1,y_vel_1,angle_1,id_2,type_2,color_2,x_2,y_2,x_vel_2,y_vel_2,angle_2,kind,id_1,type_1,color_1,x_1,y_1,x_vel_1,y_vel_1,angle_1,id_2,type_2,color_2,x_2,y_2,x_vel_2,y_vel_2,angle_2,kind,id_1,type_1,color_1,x_1,y_1,x_vel_1,y_vel_1,angle_1,id_2,type_2,color_2,x_2,y_2,x_vel_2,y_vel_2,angle_2,kind,id_1,type_1,color_1,x_1,y_1,x_vel_1,y_vel_1,angle_1,id_2,type_2,color_2,x_2,y_2,x_vel_2,y_vel_2,angle_2,kind,id_1,type_1,color_1,x_1,y_1,x_vel_1,y_vel_1,angle_1,id_2,type_2,color_2,x_2,y_2,x_vel_2,y_vel_2,angle_2,kind,id_1,type_1,color_1,x_1,y_1,x_vel_1,y_vel_1,angle_1,id_2,type_2,color_2,x_2,y_2,x_vel_2,y_vel_2,angle_2,kind,id_1,type_1,color_1,x_1,y_1,x_vel_1,y_vel_1,angle_1,id_2,type_2,color_2,x_2,y_2,x_vel_2,y_vel_2,angle_2,kind,id_1,type_1,color_1,x_1,y_1,x_vel_1,y_vel_1,angle_1,id_2,type_2,color_2,x_2,y_2,x_vel_2,y_vel_2,angle_2,kind,id_1,type_1,color_1,x_1,y_1,x_vel_1,y_vel_1,angle_1,id_2,type_2,color_2,x_2,y_2,x_vel_2,y_vel_2,angle_2,kind,id_1,type_1,color_1,x_1,y_1,x_vel_1,y_vel_1,angle_1,id_2,type_2,color_2,x_2,y_2,x_vel_2,y_vel_2,angle_2,kind,id_1,type_1,color_1,x_1,y_1,x_vel_1,y_vel_1,angle_1,id_2,type_2,color_2,x_2,y_2,x_vel_2,y_vel_2,angle_2,kind,id_1,type_1,color_1,x_1,y_1,x_vel_1,y_vel_1,angle_1,id_2,type_2,color_2,x_2,y_2,x_vel_2,y_vel_2,angle_2,kind,id_1,type_1,color_1,x_1,y_1,x_vel_1,y_vel_1,angle_1,id_2,type_2,color_2,x_2,y_2,x_vel_2,y_vel_2,angle_2,kind,id_1,type_1,color_1,x_1,y_1,x_vel_1,y_vel_1,angle_1,id_2,type_2,color_2,x_2,y_2,x_vel_2,y_vel_2,angle_2,kind,id_1,type_1,color_1,x_1,y_1,x_vel_1,y_vel_1,angle_1,id_2,type_2,color_2,x_2,y_2,x_vel_2,y_vel_2,angle_2,kind,id_1,type_1,color_1,x_1,y_1,x_vel_1,y_vel_1,angle_1,id_2,type_2,color_2,x_2,y_2,x_vel_2,y_vel_2,angle_2,kind,id_1,type_1,color_1,x_1,y_1,x_vel_1,y_vel_1,angle_1,id_2,type_2,color_2,x_2,y_2,x_vel_2,y_vel_2,angle_2,kind,id_1,type_1,color_1,x_1,y_1,x_vel_1,y_vel_1,angle_1,id_2,type_2,color_2,x_2,y_2,x_vel_2,y_vel_2,angle_2,kind,id_1,type_1,color_1,x_1,y_1,x_vel_1,y_vel_1,angle_1,id_2,type_2,color_2,x_2,y_2,x_vel_2,y_vel_2,angle_2,kind,id_1,type_1,color_1,x_1,y_1,x_vel_1,y_vel_1,angle_1,id_2,type_2,color_2,x_2,y_2,x_vel_2,y_vel_2,angle_2,kind,id_1,type_1,color_1,x_1,y_1,x_vel_1,y_vel_1,angle_1,id_2,type_2,color_2,x_2,y_2,x_vel_2,y_vel_2,angle_2,kind,id_1,type_1,color_1,x_1,y_1,x_vel_1,y_vel_1,angle_1,id_2,type_2,color_2,x_2,y_2,x_vel_2,y_vel_2,angle_2,kind,id_1,type_1,color_1,x_1,y_1,x_vel_1,y_vel_1,angle_1,id_2,type_2,color_2,x_2,y_2,x_vel_2,y_vel_2,angle_2,kind,id_1,type_1,color_1,x_1,y_1,x_vel_1,y_vel_1,angle_1,id_2,type_2,color_2,x_2,y_2,x_vel_2,y_vel_2,angle_2,kind,id_1,type_1,color_1,x_1,y_1,x_vel_1,y_vel_1,angle_1,id_2,type_2,color_2,x_2,y_2,x_vel_2,y_vel_2,angle_2,kind,id_1,type_1,color_1,x_1,y_1,x_vel_1,y_vel_1,angle_1,id_2,type_2,color_2,x_2,y_2,x_vel_2,y_vel_2,angle_2,kind,id_1,type_1,color_1,x_1,y_1,x_vel_1,y_vel_1,angle_1,id_2,type_2,color_2,x_2,y_2,x_vel_2,y_vel_2,angle_2,kind,id_1,type_1,color_1,x_1,y_1,x_vel_1,y_vel_1,angle_1,id_2,type_2,color_2,x_2,y_2,x_vel_2,y_vel_2,angle_2,kind,id_1,type_1,color_1,x_1,y_1,x_vel_1,y_vel_1,angle_1,id_2,type_2,color_2,x_2,y_2,x_vel_2,y_vel_2,angle_2,kind,id_1,type_1,color_1,x_1,y_1,x_vel_1,y_vel_1,angle_1,id_2,type_2,color_2,x_2,y_2,x_vel_2,y_vel_2,angle_2,kind,id_1,type_1,color_1,x_1,y_1,x_vel_1,y_vel_1,angle_1,id_2,type_2,color_2,x_2,y_2,x_vel_2,y_vel_2,angle_2,kind,id_1,type_1,color_1,x_1,y_1,x_vel_1,y_vel_1,angle_1,id_2,type_2,color_2,x_2,y_2,x_vel_2,y_vel_2,angle_2,kind,id_1,type_1,color_1,x_1,y_1,x_vel_1,y_vel_1,angle_1,id_2,type_2,color_2,x_2,y_2,x_vel_2,y_vel_2,angle_2,kind,id_1,type_1,color_1,x_1,y_1,x_vel_1,y_vel_1,angle_1,id_2,type_2,color_2,x_2,y_2,x_vel_2,y_vel_2,angle_2,kind,id_1,type_1,color_1,x_1,y_1,x_vel_1,y_vel_1,angle_1,id_2,type_2,color_2,x_2,y_2,x_vel_2,y_vel_2,angle_2,kind,id_1,type_1,color_1,x_1,y_1,x_vel_1,y_vel_1,angle_1,id_2,type_2,color_2,x_2,y_2,x_vel_2,y_vel_2,angle_2,kind,id_1,type_1,color_1,x_1,y_1,x_vel_1,y_vel_1,angle_1,id_2,type_2,color_2,x_2,y_2,x_vel_2,y_vel_2,angle_2,kind,id_1,type_1,color_1,x_1,y_1,x_vel_1,y_vel_1,angle_1,id_2,type_2,color_2,x_2,y_2,x_vel_2,y_vel_2,angle_2,kind,id_1,type_1,color_1,x_1,y_1,x_vel_1,y_vel_1,angle_1,id_2,type_2,color_2,x_2,y_2,x_vel_2,y_vel_2,angle_2,kind,id_1,type_1,color_1,x_1,y_1,x_vel_1,y_vel_1,angle_1,id_2,type_2,color_2,x_2,y_2,x_vel_2,y_vel_2,angle_2,kind,id_1,type_1,color_1,x_1,y_1,x_vel_1,y_vel_1,angle_1,id_2,type_2,color_2,x_2,y_2,x_vel_2,y_vel_2,angle_2,kind,id_1,type_1,color_1,x_1,y_1,x_vel_1,y_vel_1,angle_1,id_2,type_2,color_2,x_2,y_2,x_vel_2,y_vel_2,angle_2,kind,id_1,type_1,color_1,x_1,y_1,x_vel_1,y_vel_1,angle_1,id_2,type_2,color_2,x_2,y_2,x_vel_2,y_vel_2,angle_2,kind,id_1,type_1,color_1,x_1,y_1,x_vel_1,y_vel_1,angle_1,id_2,type_2,color_2,x_2,y_2,x_vel_2,y_vel_2,angle_2,kind,id_1,type_1,color_1,x_1,y_1,x_vel_1,y_vel_1,angle_1,id_2,type_2,color_2,x_2,y_2,x_vel_2,y_vel_2,angle_2,kind,id_1,type_1,color_1,x_1,y_1,x_vel_1,y_vel_1,angle_1,id_2,type_2,color_2,x_2,y_2,x_vel_2,y_vel_2,angle_2,kind,id_1,type_1,color_1,x_1,y_1,x_vel_1,y_vel_1,angle_1,id_2,type_2,color_2,x_2,y_2,x_vel_2,y_vel_2,angle_2,kind,id_1,type_1,color_1,x_1,y_1,x_vel_1,y_vel_1,angle_1,id_2,type_2,color_2,x_2,y_2,x_vel_2,y_vel_2,angle_2,kind,id_1,type_1,color_1,x_1,y_1,x_vel_1,y_vel_1,angle_1,id_2,type_2,color_2,x_2,y_2,x_vel_2,y_vel_2,angle_2,kind,id_1,type_1,color_1,x_1,y_1,x_vel_1,y_vel_1,angle_1,id_2,type_2,color_2,x_2,y_2,x_vel_2,y_vel_2,angle_2,kind,id_1,type_1,color_1,x_1,y_1,x_vel_1,y_vel_1,angle_1,id_2,type_2,color_2,x_2,y_2,x_vel_2,y_vel_2,angle_2,kind,id_1,type_1,color_1,x_1,y_1,x_vel_1,y_vel_1,angle_1,id_2,type_2,color_2,x_2,y_2,x_vel_2,y_vel_2,angle_2,kind,id_1,type_1,color_1,x_1,y_1,x_vel_1,y_vel_1,angle_1,id_2,type_2,color_2,x_2,y_2,x_vel_2,y_vel_2,angle_2,kind,id_1,type_1,color_1,x_1,y_1,x_vel_1,y_vel_1,angle_1,id_2,type_2,color_2,x_2,y_2,x_vel_2,y_vel_2,angle_2,kind,id_1,type_1,color_1,x_1,y_1,x_vel_1,y_vel_1,angle_1,id_2,type_2,color_2,x_2,y_2,x_vel_2,y_vel_2,angle_2,kind,id_1,type_1,color_1,x_1,y_1,x_vel_1,y_vel_1,angle_1,id_2,type_2,color_2,x_2,y_2,x_vel_2,y_vel_2,angle_2,kind,id_1,type_1,color_1,x_1,y_1,x_vel_1,y_vel_1,angle_1,id_2,type_2,color_2,x_2,y_2,x_vel_2,y_vel_2,angle_2,kind,id_1,type_1,color_1,x_1,y_1,x_vel_1,y_vel_1,angle_1,id_2,type_2,color_2,x_2,y_2,x_vel_2,y_vel_2,angle_2,kind,id_1,type_1,color_1,x_1,y_1,x_vel_1,y_vel_1,angle_1,id_2,type_2,color_2,x_2,y_2,x_vel_2,y_vel_2,angle_2,kind,id_1,type_1,color_1,x_1,y_1,x_vel_1,y_vel_1,angle_1,id_2,type_2,color_2,x_2,y_2,x_vel_2,y_vel_2,angle_2,kind,id_1,type_1,color_1,x_1,y_1,x_vel_1,y_vel_1,angle_1,id_2,type_2,color_2,x_2,y_2,x_vel_2,y_vel_2,angle_2,kind,id_1,type_1,color_1,x_1,y_1,x_vel_1,y_vel_1,angle_1,id_2,type_2,color_2,x_2,y_2,x_vel_2,y_vel_2,angle_2,kind,id_1,type_1,color_1,x_1,y_1,x_vel_1,y_vel_1,angle_1,id_2,type_2,color_2,x_2,y_2,x_vel_2,y_vel_2,angle_2,kind,id_1,type_1,color_1,x_1,y_1,x_vel_1,y_vel_1,angle_1,id_2,type_2,color_2,x_2,y_2,x_vel_2,y_vel_2,angle_2,kind,id_1,type_1,color_1,x_1,y_1,x_vel_1,y_vel_1,angle_1,id_2,type_2,color_2,x_2,y_2,x_vel_2,y_vel_2,angle_2,kind,id_1,type_1,color_1,x_1,y_1,x_vel_1,y_vel_1,angle_1,id_2,type_2,color_2,x_2,y_2,x_vel_2,y_vel_2,angle_2,kind,id_1,type_1,color_1,x_1,y_1,x_vel_1,y_vel_1,angle_1,id_2,type_2,color_2,x_2,y_2,x_vel_2,y_vel_2,angle_2,kind,id_1,type_1,color_1,x_1,y_1,x_vel_1,y_vel_1,angle_1,id_2,type_2,color_2,x_2,y_2,x_vel_2,y_vel_2,angle_2,kind,id_1,type_1,color_1,x_1,y_1,x_vel_1,y_vel_1,angle_1,id_2,type_2,color_2,x_2,y_2,x_vel_2,y_vel_2,angle_2,kind,id_1,type_1,color_1,x_1,y_1,x_vel_1,y_vel_1,angle_1,id_2,type_2,color_2,x_2,y_2,x_vel_2,y_vel_2,angle_2,kind,id_1,type_1,color_1,x_1,y_1,x_vel_1,y_vel_1,angle_1,id_2,type_2,color_2,x_2,y_2,x_vel_2,y_vel_2,angle_2,kind,id_1,type_1,color_1,x_1,y_1,x_vel_1,y_vel_1,angle_1,id_2,type_2,color_2,x_2,y_2,x_vel_2,y_vel_2,angle_2,kind,id_1,type_1,color_1,x_1,y_1,x_vel_1,y_vel_1,angle_1,id_2,type_2,color_2,x_2,y_2,x_vel_2,y_vel_2,angle_2,kind,id_1,type_1,color_1,x_1,y_1,x_vel_1,y_vel_1,angle_1,id_2,type_2,color_2,x_2,y_2,x_vel_2,y_vel_2,angle_2,kind,id_1,type_1,color_1,x_1,y_1,x_vel_1,y_vel_1,angle_1,id_2,type_2,color_2,x_2,y_2,x_vel_2,y_vel_2,angle_2,kind,id_1,type_1,color_1,x_1,y_1,x_vel_1,y_vel_1,angle_1,id_2,type_2,color_2,x_2,y_2,x_vel_2,y_vel_2,angle_2,kind,id_1,type_1,color_1,x_1,y_1,x_vel_1,y_vel_1,angle_1,id_2,type_2,color_2,x_2,y_2,x_vel_2,y_vel_2,angle_2,kind,id_1,type_1,color_1,x_1,y_1,x_vel_1,y_vel_1,angle_1,id_2,type_2,color_2,x_2,y_2,x_vel_2,y_vel_2,angle_2,kind,id_1,type_1,color_1,x_1,y_1,x_vel_1,y_vel_1,angle_1,id_2,type_2,color_2,x_2,y_2,x_vel_2,y_vel_2,angle_2,kind,id_1,type_1,color_1,x_1,y_1,x_vel_1,y_vel_1,angle_1,id_2,type_2,color_2,x_2,y_2,x_vel_2,y_vel_2,angle_2,kind,id_1,type_1,color_1,x_1,y_1,x_vel_1,y_vel_1,angle_1,id_2,type_2,color_2,x_2,y_2,x_vel_2,y_vel_2,angle_2,kind,id_1,type_1,color_1,x_1,y_1,x_vel_1,y_vel_1,angle_1,id_2,type_2,color_2,x_2,y_2,x_vel_2,y_vel_2,angle_2,kind,id_1,type_1,color_1,x_1,y_1,x_vel_1,y_vel_1,angle_1,id_2,type_2,color_2,x_2,y_2,x_vel_2,y_vel_2,angle_2,kind,id_1,type_1,color_1,x_1,y_1,x_vel_1,y_vel_1,angle_1,id_2,type_2,color_2,x_2,y_2,x_vel_2,y_vel_2,angle_2,kind,id_1,type_1,color_1,x_1,y_1,x_vel_1,y_vel_1,angle_1,id_2,type_2,color_2,x_2,y_2,x_vel_2,y_vel_2,angle_2,kind,id_1,type_1,color_1,x_1,y_1,x_vel_1,y_vel_1,angle_1,id_2,type_2,color_2,x_2,y_2,x_vel_2,y_vel_2,angle_2,kind,id_1,type_1,color_1,x_1,y_1,x_vel_1,y_vel_1,angle_1,id_2,type_2,color_2,x_2,y_2,x_vel_2,y_vel_2,angle_2,kind,id_1,type_1,color_1,x_1,y_1,x_vel_1,y_vel_1,angle_1,id_2,type_2,color_2,x_2,y_2,x_vel_2,y_vel_2,angle_2,kind,id_1,type_1,color_1,x_1,y_1,x_vel_1,y_vel_1,angle_1,id_2,type_2,color_2,x_2,y_2,x_vel_2,y_vel_2,angle_2,kind,id_1,type_1,color_1,x_1,y_1,x_vel_1,y_vel_1,angle_1,id_2,type_2,color_2,x_2,y_2,x_vel_2,y_vel_2,angle_2,kind,id_1,type_1,color_1,x_1,y_1,x_vel_1,y_vel_1,angle_1,id_2,type_2,color_2,x_2,y_2,x_vel_2,y_vel_2,angle_2,kind,id_1,type_1,color_1,x_1,y_1,x_vel_1,y_vel_1,angle_1,id_2,type_2,color_2,x_2,y_2,x_vel_2,y_vel_2,angle_2,kind,id_1,type_1,color_1,x_1,y_1,x_vel_1,y_vel_1,angle_1,id_2,type_2,color_2,x_2,y_2,x_vel_2,y_vel_2,angle_2,kind,id_1,type_1,color_1,x_1,y_1,x_vel_1,y_vel_1,angle_1,id_2,type_2,color_2,x_2,y_2,x_vel_2,y_vel_2,angle_2,kind,id_1,type_1,color_1,x_1,y_1,x_vel_1,y_vel_1,angle_1,id_2,type_2,color_2,x_2,y_2,x_vel_2,y_vel_2,angle_2,kind,id_1,type_1,color_1,x_1,y_1,x_vel_1,y_vel_1,angle_1,id_2,type_2,color_2,x_2,y_2,x_vel_2,y_vel_2,angle_2,kind,id_1,type_1,color_1,x_1,y_1,x_vel_1,y_vel_1,angle_1,id_2,type_2,color_2,x_2,y_2,x_vel_2,y_vel_2,angle_2,kind,id_1,type_1,color_1,x_1,y_1,x_vel_1,y_vel_1,angle_1,id_2,type_2,color_2,x_2,y_2,x_vel_2,y_vel_2,angle_2,kind,id_1,type_1,color_1,x_1,y_1,x_vel_1,y_vel_1,angle_1,id_2,type_2,color_2,x_2,y_2,x_vel_2,y_vel_2,angle_2,kind,id_1,type_1,color_1,x_1,y_1,x_vel_1,y_vel_1,angle_1,id_2,type_2,color_2,x_2,y_2,x_vel_2,y_vel_2,angle_2,kind,id_1,type_1,color_1,x_1,y_1,x_vel_1,y_vel_1,angle_1,id_2,type_2,color_2,x_2,y_2,x_vel_2,y_vel_2,angle_2,kind,id_1,type_1,color_1,x_1,y_1,x_vel_1,y_vel_1,angle_1,id_2,type_2,color_2,x_2,y_2,x_vel_2,y_vel_2,angle_2,kind,id_1,type_1,color_1,x_1,y_1,x_vel_1,y_vel_1,angle_1,id_2,type_2,color_2,x_2,y_2,x_vel_2,y_vel_2,angle_2,kind,id_1,type_1,color_1,x_1,y_1,x_vel_1,y_vel_1,angle_1,id_2,type_2,color_2,x_2,y_2,x_vel_2,y_vel_2,angle_2,kind,id_1,type_1,color_1,x_1,y_1,x_vel_1,y_vel_1,angle_1,id_2,type_2,color_2,x_2,y_2,x_vel_2,y_vel_2,angle_2,kind,id_1,type_1,color_1,x_1,y_1,x_vel_1,y_vel_1,angle_1,id_2,type_2,color_2,x_2,y_2,x_vel_2,y_vel_2,angle_2,kind,id_1,type_1,color_1,x_1,y_1,x_vel_1,y_vel_1,angle_1,id_2,type_2,color_2,x_2,y_2,x_vel_2,y_vel_2,angle_2,kind,id_1,type_1,color_1,x_1,y_1,x_vel_1,y_vel_1,angle_1,id_2,type_2,color_2,x_2,y_2,x_vel_2,y_vel_2,angle_2,kind,id_1,type_1,color_1,x_1,y_1,x_vel_1,y_vel_1,angle_1,id_2,type_2,color_2,x_2,y_2,x_vel_2,y_vel_2,angle_2,kind,id_1,type_1,color_1,x_1,y_1,x_vel_1,y_vel_1,angle_1,id_2,type_2,color_2,x_2,y_2,x_vel_2,y_vel_2,angle_2,kind,id_1,type_1,color_1,x_1,y_1,x_vel_1,y_vel_1,angle_1,id_2,type_2,color_2,x_2,y_2,x_vel_2,y_vel_2,angle_2,kind,id_1,type_1,color_1,x_1,y_1,x_vel_1,y_vel_1,angle_1,id_2,type_2,color_2,x_2,y_2,x_vel_2,y_vel_2,angle_2,kind,id_1,type_1,color_1,x_1,y_1,x_vel_1,y_vel_1,angle_1,id_2,type_2,color_2,x_2,y_2,x_vel_2,y_vel_2,angle_2,kind,id_1,type_1,color_1,x_1,y_1,x_vel_1,y_vel_1,angle_1,id_2,type_2,color_2,x_2,y_2,x_vel_2,y_vel_2,angle_2,kind,id_1,type_1,color_1,x_1,y_1,x_vel_1,y_vel_1,angle_1,id_2,type_2,color_2,x_2,y_2,x_vel_2,y_vel_2,angle_2,kind,id_1,type_1,color_1,x_1,y_1,x_vel_1,y_vel_1,angle_1,id_2,type_2,color_2,x_2,y_2,x_vel_2,y_vel_2,angle_2,kind,id_1,type_1,color_1,x_1,y_1,x_vel_1,y_vel_1,angle_1,id_2,type_2,color_2,x_2,y_2,x_vel_2,y_vel_2,angle_2,kind,id_1,type_1,color_1,x_1,y_1,x_vel_1,y_vel_1,angle_1,id_2,type_2,color_2,x_2,y_2,x_vel_2,y_vel_2,angle_2,kind,id_1,type_1,color_1,x_1,y_1,x_vel_1,y_vel_1,angle_1,id_2,type_2,color_2,x_2,y_2,x_vel_2,y_vel_2,angle_2,kind,id_1,type_1,color_1,x_1,y_1,x_vel_1,y_vel_1,angle_1,id_2,type_2,color_2,x_2,y_2,x_vel_2,y_vel_2,angle_2,kind,id_1,type_1,color_1,x_1,y_1,x_vel_1,y_vel_1,angle_1,id_2,type_2,color_2,x_2,y_2,x_vel_2,y_vel_2,angle_2,kind,id_1,type_1,color_1,x_1,y_1,x_vel_1,y_vel_1,angle_1,id_2,type_2,color_2,x_2,y_2,x_vel_2,y_vel_2,angle_2,kind,id_1,type_1,color_1,x_1,y_1,x_vel_1,y_vel_1,angle_1,id_2,type_2,color_2,x_2,y_2,x_vel_2,y_vel_2,angle_2,kind,id_1,type_1,color_1,x_1,y_1,x_vel_1,y_vel_1,angle_1,id_2,type_2,color_2,x_2,y_2,x_vel_2,y_vel_2,angle_2,kind,id_1,type_1,color_1,x_1,y_1,x_vel_1,y_vel_1,angle_1,id_2,type_2,color_2,x_2,y_2,x_vel_2,y_vel_2,angle_2,kind,id_1,type_1,color_1,x_1,y_1,x_vel_1,y_vel_1,angle_1,id_2,type_2,color_2,x_2,y_2,x_vel_2,y_vel_2,angle_2,kind,id_1,type_1,color_1,x_1,y_1,x_vel_1,y_vel_1,angle_1,id_2,type_2,color_2,x_2,y_2,x_vel_2,y_vel_2,angle_2,kind,id_1,type_1,color_1,x_1,y_1,x_vel_1,y_vel_1,angle_1,id_2,type_2,color_2,x_2,y_2,x_vel_2,y_vel_2,angle_2,kind,id_1,type_1,color_1,x_1,y_1,x_vel_1,y_vel_1,angle_1,id_2,type_2,color_2,x_2,y_2,x_vel_2,y_vel_2,angle_2,kind,id_1,type_1,color_1,x_1,y_1,x_vel_1,y_vel_1,angle_1,id_2,type_2,color_2,x_2,y_2,x_vel_2,y_vel_2,angle_2,kind,id_1,type_1,color_1,x_1,y_1,x_vel_1,y_vel_1,angle_1,id_2,type_2,color_2,x_2,y_2,x_vel_2,y_vel_2,angle_2,kind,id_1,type_1,color_1,x_1,y_1,x_vel_1,y_vel_1,angle_1,id_2,type_2,color_2,x_2,y_2,x_vel_2,y_vel_2,angle_2,kind,id_1,type_1,color_1,x_1,y_1,x_vel_1,y_vel_1,angle_1,id_2,type_2,color_2,x_2,y_2,x_vel_2,y_vel_2,angle_2,kind,id_1,type_1,color_1,x_1,y_1,x_vel_1,y_vel_1,angle_1,id_2,type_2,color_2,x_2,y_2,x_vel_2,y_vel_2,angle_2,kind,id_1,type_1,color_1,x_1,y_1,x_vel_1,y_vel_1,angle_1,id_2,type_2,color_2,x_2,y_2,x_vel_2,y_vel_2,angle_2,kind,id_1,type_1,color_1,x_1,y_1,x_vel_1,y_vel_1,angle_1,id_2,type_2,color_2,x_2,y_2,x_vel_2,y_vel_2,angle_2,kind,id_1,type_1,color_1,x_1,y_1,x_vel_1,y_vel_1,angle_1,id_2,type_2,color_2,x_2,y_2,x_vel_2,y_vel_2,angle_2,kind,id_1,type_1,color_1,x_1,y_1,x_vel_1,y_vel_1,angle_1,id_2,type_2,color_2,x_2,y_2,x_vel_2,y_vel_2,angle_2,kind,id_1,type_1,color_1,x_1,y_1,x_vel_1,y_vel_1,angle_1,id_2,type_2,color_2,x_2,y_2,x_vel_2,y_vel_2,angle_2,kind,id_1,type_1,color_1,x_1,y_1,x_vel_1,y_vel_1,angle_1,id_2,type_2,color_2,x_2,y_2,x_vel_2,y_vel_2,angle_2,kind,id_1,type_1,color_1,x_1,y_1,x_vel_1,y_vel_1,angle_1,id_2,type_2,color_2,x_2,y_2,x_vel_2,y_vel_2,angle_2,kind,id_1,type_1,color_1,x_1,y_1,x_vel_1,y_vel_1,angle_1,id_2,type_2,color_2,x_2,y_2,x_vel_2,y_vel_2,angle_2,kind,id_1,type_1,color_1,x_1,y_1,x_vel_1,y_vel_1,angle_1,id_2,type_2,color_2,x_2,y_2,x_vel_2,y_vel_2,angle_2,kind,id_1,type_1,color_1,x_1,y_1,x_vel_1,y_vel_1,angle_1,id_2,type_2,color_2,x_2,y_2,x_vel_2,y_vel_2,angle_2,kind,id_1,type_1,color_1,x_1,y_1,x_vel_1,y_vel_1,angle_1,id_2,type_2,color_2,x_2,y_2,x_vel_2,y_vel_2,angle_2,kind,id_1,type_1,color_1,x_1,y_1,x_vel_1,y_vel_1,angle_1,id_2,type_2,color_2,x_2,y_2,x_vel_2,y_vel_2,angle_2,kind,id_1,type_1,color_1,x_1,y_1,x_vel_1,y_vel_1,angle_1,id_2,type_2,color_2,x_2,y_2,x_vel_2,y_vel_2,angle_2,kind,id_1,type_1,color_1,x_1,y_1,x_vel_1,y_vel_1,angle_1,id_2,type_2,color_2,x_2,y_2,x_vel_2,y_vel_2,angle_2,kind,id_1,type_1,color_1,x_1,y_1,x_vel_1,y_vel_1,angle_1,id_2,type_2,color_2,x_2,y_2,x_vel_2,y_vel_2,angle_2,kind,id_1,type_1,color_1,x_1,y_1,x_vel_1,y_vel_1,angle_1,id_2,type_2,color_2,x_2,y_2,x_vel_2,y_vel_2,angle_2,kind,id_1,type_1,color_1,x_1,y_1,x_vel_1,y_vel_1,angle_1,id_2,type_2,color_2,x_2,y_2,x_vel_2,y_vel_2,angle_2,kind,id_1,type_1,color_1,x_1,y_1,x_vel_1,y_vel_1,angle_1,id_2,type_2,color_2,x_2,y_2,x_vel_2,y_vel_2,angle_2,kind,id_1,type_1,color_1,x_1,y_1,x_vel_1,y_vel_1,angle_1,id_2,type_2,color_2,x_2,y_2,x_vel_2,y_vel_2,angle_2,kind,id_1,type_1,color_1,x_1,y_1,x_vel_1,y_vel_1,angle_1,id_2,type_2,color_2,x_2,y_2,x_vel_2,y_vel_2,angle_2,kind,id_1,type_1,color_1,x_1,y_1,x_vel_1,y_vel_1,angle_1,id_2,type_2,color_2,x_2,y_2,x_vel_2,y_vel_2,angle_2,kind,id_1,type_1,color_1,x_1,y_1,x_vel_1,y_vel_1,angle_1,id_2,type_2,color_2,x_2,y_2,x_vel_2,y_vel_2,angle_2,kind,id_1,type_1,color_1,x_1,y_1,x_vel_1,y_vel_1,angle_1,id_2,type_2,color_2,x_2,y_2,x_vel_2,y_vel_2,angle_2,kind,id_1,type_1,color_1,x_1,y_1,x_vel_1,y_vel_1,angle_1,id_2,type_2,color_2,x_2,y_2,x_vel_2,y_vel_2,angle_2,kind,id_1,type_1,color_1,x_1,y_1,x_vel_1,y_vel_1,angle_1,id_2,type_2,color_2,x_2,y_2,x_vel_2,y_vel_2,angle_2,kind,id_1,type_1,color_1,x_1,y_1,x_vel_1,y_vel_1,angle_1,id_2,type_2,color_2,x_2,y_2,x_vel_2,y_vel_2,angle_2,kind,id_1,type_1,color_1,x_1,y_1,x_vel_1,y_vel_1,angle_1,id_2,type_2,color_2,x_2,y_2,x_vel_2,y_vel_2,angle_2,kind,id_1,type_1,color_1,x_1,y_1,x_vel_1,y_vel_1,angle_1,id_2,type_2,color_2,x_2,y_2,x_vel_2,y_vel_2,angle_2,kind,id_1,type_1,color_1,x_1,y_1,x_vel_1,y_vel_1,angle_1,id_2,type_2,color_2,x_2,y_2,x_vel_2,y_vel_2,angle_2,kind,id_1,type_1,color_1,x_1,y_1,x_vel_1,y_vel_1,angle_1,id_2,type_2,color_2,x_2,y_2,x_vel_2,y_vel_2,angle_2,kind,id_1,type_1,color_1,x_1,y_1,x_vel_1,y_vel_1,angle_1,id_2,type_2,color_2,x_2,y_2,x_vel_2,y_vel_2,angle_2,kind,id_1,type_1,color_1,x_1,y_1,x_vel_1,y_vel_1,angle_1,id_2,type_2,color_2,x_2,y_2,x_vel_2,y_vel_2,angle_2,kind,id_1,type_1,color_1,x_1,y_1,x_vel_1,y_vel_1,angle_1,id_2,type_2,color_2,x_2,y_2,x_vel_2,y_vel_2,angle_2,kind,id_1,type_1,color_1,x_1,y_1,x_vel_1,y_vel_1,angle_1,id_2,type_2,color_2,x_2,y_2,x_vel_2,y_vel_2,angle_2,kind,id_1,type_1,color_1,x_1,y_1,x_vel_1,y_vel_1,angle_1,id_2,type_2,color_2,x_2,y_2,x_vel_2,y_vel_2,angle_2,kind,id_1,type_1,color_1,x_1,y_1,x_vel_1,y_vel_1,angle_1,id_2,type_2,color_2,x_2,y_2,x_vel_2,y_vel_2,angle_2,kind,id_1,type_1,color_1,x_1,y_1,x_vel_1,y_vel_1,angle_1,id_2,type_2,color_2,x_2,y_2,x_vel_2,y_vel_2,angle_2,kind,id_1,type_1,color_1,x_1,y_1,x_vel_1,y_vel_1,angle_1,id_2,type_2,color_2,x_2,y_2,x_vel_2,y_vel_2,angle_2,kind,id_1,type_1,color_1,x_1,y_1,x_vel_1,y_vel_1,angle_1,id_2,type_2,color_2,x_2,y_2,x_vel_2,y_vel_2,angle_2,kind,id_1,type_1,color_1,x_1,y_1,x_vel_1,y_vel_1,angle_1,id_2,type_2,color_2,x_2,y_2,x_vel_2,y_vel_2,angle_2,kind,id_1,type_1,color_1,x_1,y_1,x_vel_1,y_vel_1,angle_1,id_2,type_2,color_2,x_2,y_2,x_vel_2,y_vel_2,angle_2,kind,id_1,type_1,color_1,x_1,y_1,x_vel_1,y_vel_1,angle_1,id_2,type_2,color_2,x_2,y_2,x_vel_2,y_vel_2,angle_2,kind,id_1,type_1,color_1,x_1,y_1,x_vel_1,y_vel_1,angle_1,id_2,type_2,color_2,x_2,y_2,x_vel_2,y_vel_2,angle_2,kind,id_1,type_1,color_1,x_1,y_1,x_vel_1,y_vel_1,angle_1,id_2,type_2,color_2,x_2,y_2,x_vel_2,y_vel_2,angle_2,kind,id_1,type_1,color_1,x_1,y_1,x_vel_1,y_vel_1,angle_1,id_2,type_2,color_2,x_2,y_2,x_vel_2,y_vel_2,angle_2,kind,id_1,type_1,color_1,x_1,y_1,x_vel_1,y_vel_1,angle_1,id_2,type_2,color_2,x_2,y_2,x_vel_2,y_vel_2,angle_2,kind,id_1,type_1,color_1,x_1,y_1,x_vel_1,y_vel_1,angle_1,id_2,type_2,color_2,x_2,y_2,x_vel_2,y_vel_2,angle_2,kind,id_1,type_1,color_1,x_1,y_1,x_vel_1,y_vel_1,angle_1,id_2,type_2,color_2,x_2,y_2,x_vel_2,y_vel_2,angle_2,kind,id_1,type_1,color_1,x_1,y_1,x_vel_1,y_vel_1,angle_1,id_2,type_2,color_2,x_2,y_2,x_vel_2,y_vel_2,angle_2,kind,id_1,type_1,color_1,x_1,y_1,x_vel_1,y_vel_1,angle_1,id_2,type_2,color_2,x_2,y_2,x_vel_2,y_vel_2,angle_2,kind,id_1,type_1,color_1,x_1,y_1,x_vel_1,y_vel_1,angle_1,id_2,type_2,color_2,x_2,y_2,x_vel_2,y_vel_2,angle_2,kind,id_1,type_1,color_1,x_1,y_1,x_vel_1,y_vel_1,angle_1,id_2,type_2,color_2,x_2,y_2,x_vel_2,y_vel_2,angle_2,kind,id_1,type_1,color_1,x_1,y_1,x_vel_1,y_vel_1,angle_1,id_2,type_2,color_2,x_2,y_2,x_vel_2,y_vel_2,angle_2,kind,id_1,type_1,color_1,x_1,y_1,x_vel_1,y_vel_1,angle_1,id_2,type_2,color_2,x_2,y_2,x_vel_2,y_vel_2,angle_2,kind,id_1,type_1,color_1,x_1,y_1,x_vel_1,y_vel_1,angle_1,id_2,type_2,color_2,x_2,y_2,x_vel_2,y_vel_2,angle_2,kind,id_1,type_1,color_1,x_1,y_1,x_vel_1,y_vel_1,angle_1,id_2,type_2,color_2,x_2,y_2,x_vel_2,y_vel_2,angle_2,kind,id_1,type_1,color_1,x_1,y_1,x_vel_1,y_vel_1,angle_1,id_2,type_2,color_2,x_2,y_2,x_vel_2,y_vel_2,angle_2,kind,id_1,type_1,color_1,x_1,y_1,x_vel_1,y_vel_1,angle_1,id_2,type_2,color_2,x_2,y_2,x_vel_2,y_vel_2,angle_2,kind,id_1,type_1,color_1,x_1,y_1,x_vel_1,y_vel_1,angle_1,id_2,type_2,color_2,x_2,y_2,x_vel_2,y_vel_2,angle_2,kind,id_1,type_1,color_1,x_1,y_1,x_vel_1,y_vel_1,angle_1,id_2,type_2,color_2,x_2,y_2,x_vel_2,y_vel_2,angle_2,kind,id_1,type_1,color_1,x_1,y_1,x_vel_1,y_vel_1,angle_1,id_2,type_2,color_2,x_2,y_2,x_vel_2,y_vel_2,angle_2,kind,id_1,type_1,color_1,x_1,y_1,x_vel_1,y_vel_1,angle_1,id_2,type_2,color_2,x_2,y_2,x_vel_2,y_vel_2,angle_2,kind,id_1,type_1,color_1,x_1,y_1,x_vel_1,y_vel_1,angle_1,id_2,type_2,color_2,x_2,y_2,x_vel_2,y_vel_2,angle_2,kind,id_1,type_1,color_1,x_1,y_1,x_vel_1,y_vel_1,angle_1,id_2,type_2,color_2,x_2,y_2,x_vel_2,y_vel_2,angle_2,kind,id_1,type_1,color_1,x_1,y_1,x_vel_1,y_vel_1,angle_1,id_2,type_2,color_2,x_2,y_2,x_vel_2,y_vel_2,angle_2,kind,id_1,type_1,color_1,x_1,y_1,x_vel_1,y_vel_1,angle_1,id_2,type_2,color_2,x_2,y_2,x_vel_2,y_vel_2,angle_2,kind,id_1,type_1,color_1,x_1,y_1,x_vel_1,y_vel_1,angle_1,id_2,type_2,color_2,x_2,y_2,x_vel_2,y_vel_2,angle_2,kind,id_1,type_1,color_1,x_1,y_1,x_vel_1,y_vel_1,angle_1,id_2,type_2,color_2,x_2,y_2,x_vel_2,y_vel_2,angle_2,kind,id_1,type_1,color_1,x_1,y_1,x_vel_1,y_vel_1,angle_1,id_2,type_2,color_2,x_2,y_2,x_vel_2,y_vel_2,angle_2,kind,id_1,type_1,color_1,x_1,y_1,x_vel_1,y_vel_1,angle_1,id_2,type_2,color_2,x_2,y_2,x_vel_2,y_vel_2,angle_2,kind,id_1,type_1,color_1,x_1,y_1,x_vel_1,y_vel_1,angle_1,id_2,type_2,color_2,x_2,y_2,x_vel_2,y_vel_2,angle_2,kind,id_1,type_1,color_1,x_1,y_1,x_vel_1,y_vel_1,angle_1,id_2,type_2,color_2,x_2,y_2,x_vel_2,y_vel_2,angle_2,kind,id_1,type_1,color_1,x_1,y_1,x_vel_1,y_vel_1,angle_1,id_2,type_2,color_2,x_2,y_2,x_vel_2,y_vel_2,angle_2,kind,id_1,type_1,color_1,x_1,y_1,x_vel_1,y_vel_1,angle_1,id_2,type_2,color_2,x_2,y_2,x_vel_2,y_vel_2,angle_2,kind,id_1,type_1,color_1,x_1,y_1,x_vel_1,y_vel_1,angle_1,id_2,type_2,color_2,x_2,y_2,x_vel_2,y_vel_2,angle_2,kind,id_1,type_1,color_1,x_1,y_1,x_vel_1,y_vel_1,angle_1,id_2,type_2,color_2,x_2,y_2,x_vel_2,y_vel_2,angle_2,kind,id_1,type_1,color_1,x_1,y_1,x_vel_1,y_vel_1,angle_1,id_2,type_2,color_2,x_2,y_2,x_vel_2,y_vel_2,angle_2,kind,id_1,type_1,color_1,x_1,y_1,x_vel_1,y_vel_1,angle_1,id_2,type_2,color_2,x_2,y_2,x_vel_2,y_vel_2,angle_2,kind,id_1,type_1,color_1,x_1,y_1,x_vel_1,y_vel_1,angle_1,id_2,type_2,color_2,x_2,y_2,x_vel_2,y_vel_2,angle_2,kind,id_1,type_1,color_1,x_1,y_1,x_vel_1,y_vel_1,angle_1,id_2,type_2,color_2,x_2,y_2,x_vel_2,y_vel_2,angle_2,kind,id_1,type_1,color_1,x_1,y_1,x_vel_1,y_vel_1,angle_1,id_2,type_2,color_2,x_2,y_2,x_vel_2,y_vel_2,angle_2,kind,id_1,type_1,color_1,x_1,y_1,x_vel_1,y_vel_1,angle_1,id_2,type_2,color_2,x_2,y_2,x_vel_2,y_vel_2,angle_2,kind,id_1,type_1,color_1,x_1,y_1,x_vel_1,y_vel_1,angle_1,id_2,type_2,color_2,x_2,y_2,x_vel_2,y_vel_2,angle_2,kind,id_1,type_1,color_1,x_1,y_1,x_vel_1,y_vel_1,angle_1,id_2,type_2,color_2,x_2,y_2,x_vel_2,y_vel_2,angle_2,kind,id_1,type_1,color_1,x_1,y_1,x_vel_1,y_vel_1,angle_1,id_2,type_2,color_2,x_2,y_2,x_vel_2,y_vel_2,angle_2,kind,id_1,type_1,color_1,x_1,y_1,x_vel_1,y_vel_1,angle_1,id_2,type_2,color_2,x_2,y_2,x_vel_2,y_vel_2,angle_2,kind,id_1,type_1,color_1,x_1,y_1,x_vel_1,y_vel_1,angle_1,id_2,type_2,color_2,x_2,y_2,x_vel_2,y_vel_2,angle_2,kind,id_1,type_1,color_1,x_1,y_1,x_vel_1,y_vel_1,angle_1,id_2,type_2,color_2,x_2,y_2,x_vel_2,y_vel_2,angle_2,kind,id_1,type_1,color_1,x_1,y_1,x_vel_1,y_vel_1,angle_1,id_2,type_2,color_2,x_2,y_2,x_vel_2,y_vel_2,angle_2,kind,id_1,type_1,color_1,x_1,y_1,x_vel_1,y_vel_1,angle_1,id_2,type_2,color_2,x_2,y_2,x_vel_2,y_vel_2,angle_2,kind,id_1,type_1,color_1,x_1,y_1,x_vel_1,y_vel_1,angle_1,id_2,type_2,color_2,x_2,y_2,x_vel_2,y_vel_2,angle_2,kind,id_1,type_1,color_1,x_1,y_1,x_vel_1,y_vel_1,angle_1,id_2,type_2,color_2,x_2,y_2,x_vel_2,y_vel_2,angle_2,kind,id_1,type_1,color_1,x_1,y_1,x_vel_1,y_vel_1,angle_1,id_2,type_2,color_2,x_2,y_2,x_vel_2,y_vel_2,angle_2,kind,id_1,type_1,color_1,x_1,y_1,x_vel_1,y_vel_1,angle_1,id_2,type_2,color_2,x_2,y_2,x_vel_2,y_vel_2,angle_2,kind,id_1,type_1,color_1,x_1,y_1,x_vel_1,y_vel_1,angle_1,id_2,type_2,color_2,x_2,y_2,x_vel_2,y_vel_2,angle_2,kind,id_1,type_1,color_1,x_1,y_1,x_vel_1,y_vel_1,angle_1,id_2,type_2,color_2,x_2,y_2,x_vel_2,y_vel_2,angle_2,kind,id_1,type_1,color_1,x_1,y_1,x_vel_1,y_vel_1,angle_1,id_2,type_2,color_2,x_2,y_2,x_vel_2,y_vel_2,angle_2,kind,id_1,type_1,color_1,x_1,y_1,x_vel_1,y_vel_1,angle_1,id_2,type_2,color_2,x_2,y_2,x_vel_2,y_vel_2,angle_2,kind,id_1,type_1,color_1,x_1,y_1,x_vel_1,y_vel_1,angle_1,id_2,type_2,color_2,x_2,y_2,x_vel_2,y_vel_2,angle_2,kind,id_1,type_1,color_1,x_1,y_1,x_vel_1,y_vel_1,angle_1,id_2,type_2,color_2,x_2,y_2,x_vel_2,y_vel_2,angle_2,kind,id_1,type_1,color_1,x_1,y_1,x_vel_1,y_vel_1,angle_1,id_2,type_2,color_2,x_2,y_2,x_vel_2,y_vel_2,angle_2,kind,id_1,type_1,color_1,x_1,y_1,x_vel_1,y_vel_1,angle_1,id_2,type_2,color_2,x_2,y_2,x_vel_2,y_vel_2,angle_2,kind,id_1,type_1,color_1,x_1,y_1,x_vel_1,y_vel_1,angle_1,id_2,type_2,color_2,x_2,y_2,x_vel_2,y_vel_2,angle_2,kind,id_1,type_1,color_1,x_1,y_1,x_vel_1,y_vel_1,angle_1,id_2,type_2,color_2,x_2,y_2,x_vel_2,y_vel_2,angle_2,kind,id_1,type_1,color_1,x_1,y_1,x_vel_1,y_vel_1,angle_1,id_2,type_2,color_2,x_2,y_2,x_vel_2,y_vel_2,angle_2,kind,id_1,type_1,color_1,x_1,y_1,x_vel_1,y_vel_1,angle_1,id_2,type_2,color_2,x_2,y_2,x_vel_2,y_vel_2,angle_2,kind,id_1,type_1,color_1,x_1,y_1,x_vel_1,y_vel_1,angle_1,id_2,type_2,color_2,x_2,y_2,x_vel_2,y_vel_2,angle_2,kind,id_1,type_1,color_1,x_1,y_1,x_vel_1,y_vel_1,angle_1,id_2,type_2,color_2,x_2,y_2,x_vel_2,y_vel_2,angle_2,kind,id_1,type_1,color_1,x_1,y_1,x_vel_1,y_vel_1,angle_1,id_2,type_2,color_2,x_2,y_2,x_vel_2,y_vel_2,angle_2,kind,id_1,type_1,color_1,x_1,y_1,x_vel_1,y_vel_1,angle_1,id_2,type_2,color_2,x_2,y_2,x_vel_2,y_vel_2,angle_2,kind,id_1,type_1,color_1,x_1,y_1,x_vel_1,y_vel_1,angle_1,id_2,type_2,color_2,x_2,y_2,x_vel_2,y_vel_2,angle_2,kind,id_1,type_1,color_1,x_1,y_1,x_vel_1,y_vel_1,angle_1,id_2,type_2,color_2,x_2,y_2,x_vel_2,y_vel_2,angle_2,kind,id_1,type_1,color_1,x_1,y_1,x_vel_1,y_vel_1,angle_1,id_2,type_2,color_2,x_2,y_2,x_vel_2,y_vel_2,angle_2,kind,id_1,type_1,color_1,x_1,y_1,x_vel_1,y_vel_1,angle_1,id_2,type_2,color_2,x_2,y_2,x_vel_2,y_vel_2,angle_2,kind,id_1,type_1,color_1,x_1,y_1,x_vel_1,y_vel_1,angle_1,id_2,type_2,color_2,x_2,y_2,x_vel_2,y_vel_2,angle_2,kind,id_1,type_1,color_1,x_1,y_1,x_vel_1,y_vel_1,angle_1,id_2,type_2,color_2,x_2,y_2,x_vel_2,y_vel_2,angle_2,kind,id_1,type_1,color_1,x_1,y_1,x_vel_1,y_vel_1,angle_1,id_2,type_2,color_2,x_2,y_2,x_vel_2,y_vel_2,angle_2,kind,id_1,type_1,color_1,x_1,y_1,x_vel_1,y_vel_1,angle_1,id_2,type_2,color_2,x_2,y_2,x_vel_2,y_vel_2,angle_2,kind,id_1,type_1,color_1,x_1,y_1,x_vel_1,y_vel_1,angle_1,id_2,type_2,color_2,x_2,y_2,x_vel_2,y_vel_2,angle_2,kind,id_1,type_1,color_1,x_1,y_1,x_vel_1,y_vel_1,angle_1,id_2,type_2,color_2,x_2,y_2,x_vel_2,y_vel_2,angle_2,kind,id_1,type_1,color_1,x_1,y_1,x_vel_1,y_vel_1,angle_1,id_2,type_2,color_2,x_2,y_2,x_vel_2,y_vel_2,angle_2,kind,id_1,type_1,color_1,x_1,y_1,x_vel_1,y_vel_1,angle_1,id_2,type_2,color_2,x_2,y_2,x_vel_2,y_vel_2,angle_2,kind,id_1,type_1,color_1,x_1,y_1,x_vel_1,y_vel_1,angle_1,id_2,type_2,color_2,x_2,y_2,x_vel_2,y_vel_2,angle_2,kind,id_1,type_1,color_1,x_1,y_1,x_vel_1,y_vel_1,angle_1,id_2,type_2,color_2,x_2,y_2,x_vel_2,y_vel_2,angle_2,kind,id_1,type_1,color_1,x_1,y_1,x_vel_1,y_vel_1,angle_1,id_2,type_2,color_2,x_2,y_2,x_vel_2,y_vel_2,angle_2,kind,id_1,type_1,color_1,x_1,y_1,x_vel_1,y_vel_1,angle_1,id_2,type_2,color_2,x_2,y_2,x_vel_2,y_vel_2,angle_2,kind,id_1,type_1,color_1,x_1,y_1,x_vel_1,y_vel_1,angle_1,id_2,type_2,color_2,x_2,y_2,x_vel_2,y_vel_2,angle_2,kind,id_1,type_1,color_1,x_1,y_1,x_vel_1,y_vel_1,angle_1,id_2,type_2,color_2,x_2,y_2,x_vel_2,y_vel_2,angle_2,kind,id_1,type_1,color_1,x_1,y_1,x_vel_1,y_vel_1,angle_1,id_2,type_2,color_2,x_2,y_2,x_vel_2,y_vel_2,angle_2,kind,id_1,type_1,color_1,x_1,y_1,x_vel_1,y_vel_1,angle_1,id_2,type_2,color_2,x_2,y_2,x_vel_2,y_vel_2,angle_2,kind,id_1,type_1,color_1,x_1,y_1,x_vel_1,y_vel_1,angle_1,id_2,type_2,color_2,x_2,y_2,x_vel_2,y_vel_2,angle_2,kind,id_1,type_1,color_1,x_1,y_1,x_vel_1,y_vel_1,angle_1,id_2,type_2,color_2,x_2,y_2,x_vel_2,y_vel_2,angle_2,kind,id_1,type_1,color_1,x_1,y_1,x_vel_1,y_vel_1,angle_1,id_2,type_2,color_2,x_2,y_2,x_vel_2,y_vel_2,angle_2,kind,id_1,type_1,color_1,x_1,y_1,x_vel_1,y_vel_1,angle_1,id_2,type_2,color_2,x_2,y_2,x_vel_2,y_vel_2,angle_2,kind,id_1,type_1,color_1,x_1,y_1,x_vel_1,y_vel_1,angle_1,id_2,type_2,color_2,x_2,y_2,x_vel_2,y_vel_2,angle_2,kind,id_1,type_1,color_1,x_1,y_1,x_vel_1,y_vel_1,angle_1,id_2,type_2,color_2,x_2,y_2,x_vel_2,y_vel_2,angle_2,kind,id_1,type_1,color_1,x_1,y_1,x_vel_1,y_vel_1,angle_1,id_2,type_2,color_2,x_2,y_2,x_vel_2,y_vel_2,angle_2,kind,id_1,type_1,color_1,x_1,y_1,x_vel_1,y_vel_1,angle_1,id_2,type_2,color_2,x_2,y_2,x_vel_2,y_vel_2,angle_2,kind,id_1,type_1,color_1,x_1,y_1,x_vel_1,y_vel_1,angle_1,id_2,type_2,color_2,x_2,y_2,x_vel_2,y_vel_2,angle_2,kind,id_1,type_1,color_1,x_1,y_1,x_vel_1,y_vel_1,angle_1,id_2,type_2,color_2,x_2,y_2,x_vel_2,y_vel_2,angle_2,kind,id_1,type_1,color_1,x_1,y_1,x_vel_1,y_vel_1,angle_1,id_2,type_2,color_2,x_2,y_2,x_vel_2,y_vel_2,angle_2,kind,id_1,type_1,color_1,x_1,y_1,x_vel_1,y_vel_1,angle_1,id_2,type_2,color_2,x_2,y_2,x_vel_2,y_vel_2,angle_2,kind,id_1,type_1,color_1,x_1,y_1,x_vel_1,y_vel_1,angle_1,id_2,type_2,color_2,x_2,y_2,x_vel_2,y_vel_2,angle_2,kind,id_1,type_1,color_1,x_1,y_1,x_vel_1,y_vel_1,angle_1,id_2,type_2,color_2,x_2,y_2,x_vel_2,y_vel_2,angle_2,kind,id_1,type_1,color_1,x_1,y_1,x_vel_1,y_vel_1,angle_1,id_2,type_2,color_2,x_2,y_2,x_vel_2,y_vel_2,angle_2,kind,id_1,type_1,color_1,x_1,y_1,x_vel_1,y_vel_1,angle_1,id_2,type_2,color_2,x_2,y_2,x_vel_2,y_vel_2,angle_2,kind,id_1,type_1,color_1,x_1,y_1,x_vel_1,y_vel_1,angle_1,id_2,type_2,color_2,x_2,y_2,x_vel_2,y_vel_2,angle_2,kind,id_1,type_1,color_1,x_1,y_1,x_vel_1,y_vel_1,angle_1,id_2,type_2,color_2,x_2,y_2,x_vel_2,y_vel_2,angle_2,kind,id_1,type_1,color_1,x_1,y_1,x_vel_1,y_vel_1,angle_1,id_2,type_2,color_2,x_2,y_2,x_vel_2,y_vel_2,angle_2,kind,id_1,type_1,color_1,x_1,y_1,x_vel_1,y_vel_1,angle_1,id_2,type_2,color_2,x_2,y_2,x_vel_2,y_vel_2,angle_2,kind,id_1,type_1,color_1,x_1,y_1,x_vel_1,y_vel_1,angle_1,id_2,type_2,color_2,x_2,y_2,x_vel_2,y_vel_2,angle_2,kind,id_1,type_1,color_1,x_1,y_1,x_vel_1,y_vel_1,angle_1,id_2,type_2,color_2,x_2,y_2,x_vel_2,y_vel_2,angle_2,kind,id_1,type_1,color_1,x_1,y_1,x_vel_1,y_vel_1,angle_1,id_2,type_2,color_2,x_2,y_2,x_vel_2,y_vel_2,angle_2,kind,id_1,type_1,color_1,x_1,y_1,x_vel_1,y_vel_1,angle_1,id_2,type_2,color_2,x_2,y_2,x_vel_2,y_vel_2,angle_2,kind,id_1,type_1,color_1,x_1,y_1,x_vel_1,y_vel_1,angle_1,id_2,type_2,color_2,x_2,y_2,x_vel_2,y_vel_2,angle_2,kind,id_1,type_1,color_1,x_1,y_1,x_vel_1,y_vel_1,angle_1,id_2,type_2,color_2,x_2,y_2,x_vel_2,y_vel_2,angle_2,kind,id_1,type_1,color_1,x_1,y_1,x_vel_1,y_vel_1,angle_1,id_2,type_2,color_2,x_2,y_2,x_vel_2,y_vel_2,angle_2,kind,id_1,type_1,color_1,x_1,y_1,x_vel_1,y_vel_1,angle_1,id_2,type_2,color_2,x_2,y_2,x_vel_2,y_vel_2,angle_2,kind,id_1,type_1,color_1,x_1,y_1,x_vel_1,y_vel_1,angle_1,id_2,type_2,color_2,x_2,y_2,x_vel_2,y_vel_2,angle_2,kind,id_1,type_1,color_1,x_1,y_1,x_vel_1,y_vel_1,angle_1,id_2,type_2,color_2,x_2,y_2,x_vel_2,y_vel_2,angle_2,kind,id_1,type_1,color_1,x_1,y_1,x_vel_1,y_vel_1,angle_1,id_2,type_2,color_2,x_2,y_2,x_vel_2,y_vel_2,angle_2,kind,id_1,type_1,color_1,x_1,y_1,x_vel_1,y_vel_1,angle_1,id_2,type_2,color_2,x_2,y_2,x_vel_2,y_vel_2,angle_2,kind,id_1,type_1,color_1,x_1,y_1,x_vel_1,y_vel_1,angle_1,id_2,type_2,color_2,x_2,y_2,x_vel_2,y_vel_2,angle_2,kind,id_1,type_1,color_1,x_1,y_1,x_vel_1,y_vel_1,angle_1,id_2,type_2,color_2,x_2,y_2,x_vel_2,y_vel_2,angle_2,kind,id_1,type_1,color_1,x_1,y_1,x_vel_1,y_vel_1,angle_1,id_2,type_2,color_2,x_2,y_2,x_vel_2,y_vel_2,angle_2,kind,id_1,type_1,color_1,x_1,y_1,x_vel_1,y_vel_1,angle_1,id_2,type_2,color_2,x_2,y_2,x_vel_2,y_vel_2,angle_2,kind,id_1,type_1,color_1,x_1,y_1,x_vel_1,y_vel_1,angle_1,id_2,type_2,color_2,x_2,y_2,x_vel_2,y_vel_2,angle_2,kind,id_1,type_1,color_1,x_1,y_1,x_vel_1,y_vel_1,angle_1,id_2,type_2,color_2,x_2,y_2,x_vel_2,y_vel_2,angle_2,kind,id_1,type_1,color_1,x_1,y_1,x_vel_1,y_vel_1,angle_1,id_2,type_2,color_2,x_2,y_2,x_vel_2,y_vel_2,angle_2,kind,id_1,type_1,color_1,x_1,y_1,x_vel_1,y_vel_1,angle_1,id_2,type_2,color_2,x_2,y_2,x_vel_2,y_vel_2,angle_2,kind,id_1,type_1,color_1,x_1,y_1,x_vel_1,y_vel_1,angle_1,id_2,type_2,color_2,x_2,y_2,x_vel_2,y_vel_2,angle_2,kind,id_1,type_1,color_1,x_1,y_1,x_vel_1,y_vel_1,angle_1,id_2,type_2,color_2,x_2,y_2,x_vel_2,y_vel_2,angle_2,kind,id_1,type_1,color_1,x_1,y_1,x_vel_1,y_vel_1,angle_1,id_2,type_2,color_2,x_2,y_2,x_vel_2,y_vel_2,angle_2,kind,id_1,type_1,color_1,x_1,y_1,x_vel_1,y_vel_1,angle_1,id_2,type_2,color_2,x_2,y_2,x_vel_2,y_vel_2,angle_2,kind,id_1,type_1,color_1,x_1,y_1,x_vel_1,y_vel_1,angle_1,id_2,type_2,color_2,x_2,y_2,x_vel_2,y_vel_2,angle_2,kind,id_1,type_1,color_1,x_1,y_1,x_vel_1,y_vel_1,angle_1,id_2,type_2,color_2,x_2,y_2,x_vel_2,y_vel_2,angle_2,kind,id_1,type_1,color_1,x_1,y_1,x_vel_1,y_vel_1,angle_1,id_2,type_2,color_2,x_2,y_2,x_vel_2,y_vel_2,angle_2,kind,id_1,type_1,color_1,x_1,y_1,x_vel_1,y_vel_1,angle_1,id_2,type_2,color_2,x_2,y_2,x_vel_2,y_vel_2,angle_2,kind,id_1,type_1,color_1,x_1,y_1,x_vel_1,y_vel_1,angle_1,id_2,type_2,color_2,x_2,y_2,x_vel_2,y_vel_2,angle_2,kind,id_1,type_1,color_1,x_1,y_1,x_vel_1,y_vel_1,angle_1,id_2,type_2,color_2,x_2,y_2,x_vel_2,y_vel_2,angle_2,kind,id_1,type_1,color_1,x_1,y_1,x_vel_1,y_vel_1,angle_1,id_2,type_2,color_2,x_2,y_2,x_vel_2,y_vel_2,angle_2,kind,id_1,type_1,color_1,x_1,y_1,x_vel_1,y_vel_1,angle_1,id_2,type_2,color_2,x_2,y_2,x_vel_2,y_vel_2,angle_2,kind,id_1,type_1,color_1,x_1,y_1,x_vel_1,y_vel_1,angle_1,id_2,type_2,color_2,x_2,y_2,x_vel_2,y_vel_2,angle_2,kind,id_1,type_1,color_1,x_1,y_1,x_vel_1,y_vel_1,angle_1,id_2,type_2,color_2,x_2,y_2,x_vel_2,y_vel_2,angle_2,kind,id_1,type_1,color_1,x_1,y_1,x_vel_1,y_vel_1,angle_1,id_2,type_2,color_2,x_2,y_2,x_vel_2,y_vel_2,angle_2,kind,id_1,type_1,color_1,x_1,y_1,x_vel_1,y_vel_1,angle_1,id_2,type_2,color_2,x_2,y_2,x_vel_2,y_vel_2,angle_2,kind,id_1,type_1,color_1,x_1,y_1,x_vel_1,y_vel_1,angle_1,id_2,type_2,color_2,x_2,y_2,x_vel_2,y_vel_2,angle_2,kind,id_1,type_1,color_1,x_1,y_1,x_vel_1,y_vel_1,angle_1,id_2,type_2,color_2,x_2,y_2,x_vel_2,y_vel_2,angle_2,kind,id_1,type_1,color_1,x_1,y_1,x_vel_1,y_vel_1,angle_1,id_2,type_2,color_2,x_2,y_2,x_vel_2,y_vel_2,angle_2,kind,id_1,type_1,color_1,x_1,y_1,x_vel_1,y_vel_1,angle_1,id_2,type_2,color_2,x_2,y_2,x_vel_2,y_vel_2,angle_2,kind,id_1,type_1,color_1,x_1,y_1,x_vel_1,y_vel_1,angle_1,id_2,type_2,color_2,x_2,y_2,x_vel_2,y_vel_2,angle_2,kind,id_1,type_1,color_1,x_1,y_1,x_vel_1,y_vel_1,angle_1,id_2,type_2,color_2,x_2,y_2,x_vel_2,y_vel_2,angle_2,kind,id_1,type_1,color_1,x_1,y_1,x_vel_1,y_vel_1,angle_1,id_2,type_2,color_2,x_2,y_2,x_vel_2,y_vel_2,angle_2,kind,id_1,type_1,color_1,x_1,y_1,x_vel_1,y_vel_1,angle_1,id_2,type_2,color_2,x_2,y_2,x_vel_2,y_vel_2,angle_2,kind,id_1,type_1,color_1,x_1,y_1,x_vel_1,y_vel_1,angle_1,id_2,type_2,color_2,x_2,y_2,x_vel_2,y_vel_2,angle_2,kind,id_1,type_1,color_1,x_1,y_1,x_vel_1,y_vel_1,angle_1,id_2,type_2,color_2,x_2,y_2,x_vel_2,y_vel_2,angle_2,kind,id_1,type_1,color_1,x_1,y_1,x_vel_1,y_vel_1,angle_1,id_2,type_2,color_2,x_2,y_2,x_vel_2,y_vel_2,angle_2,kind,id_1,type_1,color_1,x_1,y_1,x_vel_1,y_vel_1,angle_1,id_2,type_2,color_2,x_2,y_2,x_vel_2,y_vel_2,angle_2,kind,id_1,type_1,color_1,x_1,y_1,x_vel_1,y_vel_1,angle_1,id_2,type_2,color_2,x_2,y_2,x_vel_2,y_vel_2,angle_2,kind,id_1,type_1,color_1,x_1,y_1,x_vel_1,y_vel_1,angle_1,id_2,type_2,color_2,x_2,y_2,x_vel_2,y_vel_2,angle_2,kind,id_1,type_1,color_1,x_1,y_1,x_vel_1,y_vel_1,angle_1,id_2,type_2,color_2,x_2,y_2,x_vel_2,y_vel_2,angle_2,kind,id_1,type_1,color_1,x_1,y_1,x_vel_1,y_vel_1,angle_1,id_2,type_2,color_2,x_2,y_2,x_vel_2,y_vel_2,angle_2,kind,id_1,type_1,color_1,x_1,y_1,x_vel_1,y_vel_1,angle_1,id_2,type_2,color_2,x_2,y_2,x_vel_2,y_vel_2,angle_2,kind,id_1,type_1,color_1,x_1,y_1,x_vel_1,y_vel_1,angle_1,id_2,type_2,color_2,x_2,y_2,x_vel_2,y_vel_2,angle_2,kind,id_1,type_1,color_1,x_1,y_1,x_vel_1,y_vel_1,angle_1,id_2,type_2,color_2,x_2,y_2,x_vel_2,y_vel_2,angle_2,kind,id_1,type_1,color_1,x_1,y_1,x_vel_1,y_vel_1,angle_1,id_2,type_2,color_2,x_2,y_2,x_vel_2,y_vel_2,angle_2,kind,id_1,type_1,color_1,x_1,y_1,x_vel_1,y_vel_1,angle_1,id_2,type_2,color_2,x_2,y_2,x_vel_2,y_vel_2,angle_2,kind,id_1,type_1,color_1,x_1,y_1,x_vel_1,y_vel_1,angle_1,id_2,type_2,color_2,x_2,y_2,x_vel_2,y_vel_2,angle_2,kind,id_1,type_1,color_1,x_1,y_1,x_vel_1,y_vel_1,angle_1,id_2,type_2,color_2,x_2,y_2,x_vel_2,y_vel_2,angle_2,kind,id_1,type_1,color_1,x_1,y_1,x_vel_1,y_vel_1,angle_1,id_2,type_2,color_2,x_2,y_2,x_vel_2,y_vel_2,angle_2,kind,id_1,type_1,color_1,x_1,y_1,x_vel_1,y_vel_1,angle_1,id_2,type_2,color_2,x_2,y_2,x_vel_2,y_vel_2,angle_2,kind,id_1,type_1,color_1,x_1,y_1,x_vel_1,y_vel_1,angle_1,id_2,type_2,color_2,x_2,y_2,x_vel_2,y_vel_2,angle_2,kind,id_1,type_1,color_1,x_1,y_1,x_vel_1,y_vel_1,angle_1,id_2,type_2,color_2,x_2,y_2,x_vel_2,y_vel_2,angle_2,kind,id_1,type_1,color_1,x_1,y_1,x_vel_1,y_vel_1,angle_1,id_2,type_2,color_2,x_2,y_2,x_vel_2,y_vel_2,angle_2,kind,id_1,type_1,color_1,x_1,y_1,x_vel_1,y_vel_1,angle_1,id_2,type_2,color_2,x_2,y_2,x_vel_2,y_vel_2,angle_2,kind,id_1,type_1,color_1,x_1,y_1,x_vel_1,y_vel_1,angle_1,id_2,type_2,color_2,x_2,y_2,x_vel_2,y_vel_2,angle_2,kind,id_1,type_1,color_1,x_1,y_1,x_vel_1,y_vel_1,angle_1,id_2,type_2,color_2,x_2,y_2,x_vel_2,y_vel_2,angle_2,kind,id_1,type_1,color_1,x_1,y_1,x_vel_1,y_vel_1,angle_1,id_2,type_2,color_2,x_2,y_2,x_vel_2,y_vel_2,angle_2,kind,id_1,type_1,color_1,x_1,y_1,x_vel_1,y_vel_1,angle_1,id_2,type_2,color_2,x_2,y_2,x_vel_2,y_vel_2,angle_2,kind,id_1,type_1,color_1,x_1,y_1,x_vel_1,y_vel_1,angle_1,id_2,type_2,color_2,x_2,y_2,x_vel_2,y_vel_2,angle_2,kind,id_1,type_1,color_1,x_1,y_1,x_vel_1,y_vel_1,angle_1,id_2,type_2,color_2,x_2,y_2,x_vel_2,y_vel_2,angle_2,kind,id_1,type_1,color_1,x_1,y_1,x_vel_1,y_vel_1,angle_1,id_2,type_2,color_2,x_2,y_2,x_vel_2,y_vel_2,angle_2,kind,id_1,type_1,color_1,x_1,y_1,x_vel_1,y_vel_1,angle_1,id_2,type_2,color_2,x_2,y_2,x_vel_2,y_vel_2,angle_2,kind,id_1,type_1,color_1,x_1,y_1,x_vel_1,y_vel_1,angle_1,id_2,type_2,color_2,x_2,y_2,x_vel_2,y_vel_2,angle_2,kind,id_1,type_1,color_1,x_1,y_1,x_vel_1,y_vel_1,angle_1,id_2,type_2,color_2,x_2,y_2,x_vel_2,y_vel_2,angle_2,kind,id_1,type_1,color_1,x_1,y_1,x_vel_1,y_vel_1,angle_1,id_2,type_2,color_2,x_2,y_2,x_vel_2,y_vel_2,angle_2,kind,id_1,type_1,color_1,x_1,y_1,x_vel_1,y_vel_1,angle_1,id_2,type_2,color_2,x_2,y_2,x_vel_2,y_vel_2,angle_2,kind,id_1,type_1,color_1,x_1,y_1,x_vel_1,y_vel_1,angle_1,id_2,type_2,color_2,x_2,y_2,x_vel_2,y_vel_2,angle_2,kind,id_1,type_1,color_1,x_1,y_1,x_vel_1,y_vel_1,angle_1,id_2,type_2,color_2,x_2,y_2,x_vel_2,y_vel_2,angle_2,kind,id_1,type_1,color_1,x_1,y_1,x_vel_1,y_vel_1,angle_1,id_2,type_2,color_2,x_2,y_2,x_vel_2,y_vel_2,angle_2,kind,id_1,type_1,color_1,x_1,y_1,x_vel_1,y_vel_1,angle_1,id_2,type_2,color_2,x_2,y_2,x_vel_2,y_vel_2,angle_2,kind,id_1,type_1,color_1,x_1,y_1,x_vel_1,y_vel_1,angle_1,id_2,type_2,color_2,x_2,y_2,x_vel_2,y_vel_2,angle_2,kind,id_1,type_1,color_1,x_1,y_1,x_vel_1,y_vel_1,angle_1,id_2,type_2,color_2,x_2,y_2,x_vel_2,y_vel_2,angle_2,kind,id_1,type_1,color_1,x_1,y_1,x_vel_1,y_vel_1,angle_1,id_2,type_2,color_2,x_2,y_2,x_vel_2,y_vel_2,angle_2,kind,id_1,type_1,color_1,x_1,y_1,x_vel_1,y_vel_1,angle_1,id_2,type_2,color_2,x_2,y_2,x_vel_2,y_vel_2,angle_2,kind,id_1,type_1,color_1,x_1,y_1,x_vel_1,y_vel_1,angle_1,id_2,type_2,color_2,x_2,y_2,x_vel_2,y_vel_2,angle_2,kind,id_1,type_1,color_1,x_1,y_1,x_vel_1,y_vel_1,angle_1,id_2,type_2,color_2,x_2,y_2,x_vel_2,y_vel_2,angle_2,kind,id_1,type_1,color_1,x_1,y_1,x_vel_1,y_vel_1,angle_1,id_2,type_2,color_2,x_2,y_2,x_vel_2,y_vel_2,angle_2,kind,id_1,type_1,color_1,x_1,y_1,x_vel_1,y_vel_1,angle_1,id_2,type_2,color_2,x_2,y_2,x_vel_2,y_vel_2,angle_2,kind,id_1,type_1,color_1,x_1,y_1,x_vel_1,y_vel_1,angle_1,id_2,type_2,color_2,x_2,y_2,x_vel_2,y_vel_2,angle_2,kind,id_1,type_1,color_1,x_1,y_1,x_vel_1,y_vel_1,angle_1,id_2,type_2,color_2,x_2,y_2,x_vel_2,y_vel_2,angle_2,kind,id_1,type_1,color_1,x_1,y_1,x_vel_1,y_vel_1,angle_1,id_2,type_2,color_2,x_2,y_2,x_vel_2,y_vel_2,angle_2,kind,id_1,type_1,color_1,x_1,y_1,x_vel_1,y_vel_1,angle_1,id_2,type_2,color_2,x_2,y_2,x_vel_2,y_vel_2,angle_2,kind,id_1,type_1,color_1,x_1,y_1,x_vel_1,y_vel_1,angle_1,id_2,type_2,color_2,x_2,y_2,x_vel_2,y_vel_2,angle_2,kind,id_1,type_1,color_1,x_1,y_1,x_vel_1,y_vel_1,angle_1,id_2,type_2,color_2,x_2,y_2,x_vel_2,y_vel_2,angle_2,kind,id_1,type_1,color_1,x_1,y_1,x_vel_1,y_vel_1,angle_1,id_2,type_2,color_2,x_2,y_2,x_vel_2,y_vel_2,angle_2,kind,id_1,type_1,color_1,x_1,y_1,x_vel_1,y_vel_1,angle_1,id_2,type_2,color_2,x_2,y_2,x_vel_2,y_vel_2,angle_2,kind,id_1,type_1,color_1,x_1,y_1,x_vel_1,y_vel_1,angle_1,id_2,type_2,color_2,x_2,y_2,x_vel_2,y_vel_2,angle_2,kind,id_1,type_1,color_1,x_1,y_1,x_vel_1,y_vel_1,angle_1,id_2,type_2,color_2,x_2,y_2,x_vel_2,y_vel_2,angle_2,kind,id_1,type_1,color_1,x_1,y_1,x_vel_1,y_vel_1,angle_1,id_2,type_2,color_2,x_2,y_2,x_vel_2,y_vel_2,angle_2,kind,id_1,type_1,color_1,x_1,y_1,x_vel_1,y_vel_1,angle_1,id_2,type_2,color_2,x_2,y_2,x_vel_2,y_vel_2,angle_2,kind,id_1,type_1,color_1,x_1,y_1,x_vel_1,y_vel_1,angle_1,id_2,type_2,color_2,x_2,y_2,x_vel_2,y_vel_2,angle_2,kind,id_1,type_1,color_1,x_1,y_1,x_vel_1,y_vel_1,angle_1,id_2,type_2,color_2,x_2,y_2,x_vel_2,y_vel_2,angle_2,kind,id_1,type_1,color_1,x_1,y_1,x_vel_1,y_vel_1,angle_1,id_2,type_2,color_2,x_2,y_2,x_vel_2,y_vel_2,angle_2,kind,id_1,type_1,color_1,x_1,y_1,x_vel_1,y_vel_1,angle_1,id_2,type_2,color_2,x_2,y_2,x_vel_2,y_vel_2,angle_2,kind,id_1,type_1,color_1,x_1,y_1,x_vel_1,y_vel_1,angle_1,id_2,type_2,color_2,x_2,y_2,x_vel_2,y_vel_2,angle_2,kind,id_1,type_1,color_1,x_1,y_1,x_vel_1,y_vel_1,angle_1,id_2,type_2,color_2,x_2,y_2,x_vel_2,y_vel_2,angle_2,kind,id_1,type_1,color_1,x_1,y_1,x_vel_1,y_vel_1,angle_1,id_2,type_2,color_2,x_2,y_2,x_vel_2,y_vel_2,angle_2,kind,id_1,type_1,color_1,x_1,y_1,x_vel_1,y_vel_1,angle_1,id_2,type_2,color_2,x_2,y_2,x_vel_2,y_vel_2,angle_2,kind,id_1,type_1,color_1,x_1,y_1,x_vel_1,y_vel_1,angle_1,id_2,type_2,color_2,x_2,y_2,x_vel_2,y_vel_2,angle_2,kind,id_1,type_1,color_1,x_1,y_1,x_vel_1,y_vel_1,angle_1,id_2,type_2,color_2,x_2,y_2,x_vel_2,y_vel_2,angle_2,kind,id_1,type_1,color_1,x_1,y_1,x_vel_1,y_vel_1,angle_1,id_2,type_2,color_2,x_2,y_2,x_vel_2,y_vel_2,angle_2,kind,id_1,type_1,color_1,x_1,y_1,x_vel_1,y_vel_1,angle_1,id_2,type_2,color_2,x_2,y_2,x_vel_2,y_vel_2,angle_2,kind,id_1,type_1,color_1,x_1,y_1,x_vel_1,y_vel_1,angle_1,id_2,type_2,color_2,x_2,y_2,x_vel_2,y_vel_2,angle_2,kind,id_1,type_1,color_1,x_1,y_1,x_vel_1,y_vel_1,angle_1,id_2,type_2,color_2,x_2,y_2,x_vel_2,y_vel_2,angle_2,kind,id_1,type_1,color_1,x_1,y_1,x_vel_1,y_vel_1,angle_1,id_2,type_2,color_2,x_2,y_2,x_vel_2,y_vel_2,angle_2,kind,id_1,type_1,color_1,x_1,y_1,x_vel_1,y_vel_1,angle_1,id_2,type_2,color_2,x_2,y_2,x_vel_2,y_vel_2,angle_2,kind,id_1,type_1,color_1,x_1,y_1,x_vel_1,y_vel_1,angle_1,id_2,type_2,color_2,x_2,y_2,x_vel_2,y_vel_2,angle_2,kind,id_1,type_1,color_1,x_1,y_1,x_vel_1,y_vel_1,angle_1,id_2,type_2,color_2,x_2,y_2,x_vel_2,y_vel_2,angle_2,kind,id_1,type_1,color_1,x_1,y_1,x_vel_1,y_vel_1,angle_1,id_2,type_2,color_2,x_2,y_2,x_vel_2,y_vel_2,angle_2,kind,id_1,type_1,color_1,x_1,y_1,x_vel_1,y_vel_1,angle_1,id_2,type_2,color_2,x_2,y_2,x_vel_2,y_vel_2,angle_2,kind,id_1,type_1,color_1,x_1,y_1,x_vel_1,y_vel_1,angle_1,id_2,type_2,color_2,x_2,y_2,x_vel_2,y_vel_2,angle_2,kind,id_1,type_1,color_1,x_1,y_1,x_vel_1,y_vel_1,angle_1,id_2,type_2,color_2,x_2,y_2,x_vel_2,y_vel_2,angle_2,kind,id_1,type_1,color_1,x_1,y_1,x_vel_1,y_vel_1,angle_1,id_2,type_2,color_2,x_2,y_2,x_vel_2,y_vel_2,angle_2,kind,id_1,type_1,color_1,x_1,y_1,x_vel_1,y_vel_1,angle_1,id_2,type_2,color_2,x_2,y_2,x_vel_2,y_vel_2,angle_2,kind,id_1,type_1,color_1,x_1,y_1,x_vel_1,y_vel_1,angle_1,id_2,type_2,color_2,x_2,y_2,x_vel_2,y_vel_2,angle_2,kind,id_1,type_1,color_1,x_1,y_1,x_vel_1,y_vel_1,angle_1,id_2,type_2,color_2,x_2,y_2,x_vel_2,y_vel_2,angle_2,kind,id_1,type_1,color_1,x_1,y_1,x_vel_1,y_vel_1,angle_1,id_2,type_2,color_2,x_2,y_2,x_vel_2,y_vel_2,angle_2,kind,id_1,type_1,color_1,x_1,y_1,x_vel_1,y_vel_1,angle_1,id_2,type_2,color_2,x_2,y_2,x_vel_2,y_vel_2,angle_2,kind,id_1,type_1,color_1,x_1,y_1,x_vel_1,y_vel_1,angle_1,id_2,type_2,color_2,x_2,y_2,x_vel_2,y_vel_2,angle_2,kind,id_1,type_1,color_1,x_1,y_1,x_vel_1,y_vel_1,angle_1,id_2,type_2,color_2,x_2,y_2,x_vel_2,y_vel_2,angle_2,kind,id_1,type_1,color_1,x_1,y_1,x_vel_1,y_vel_1,angle_1,id_2,type_2,color_2,x_2,y_2,x_vel_2,y_vel_2,angle_2,kind,id_1,type_1,color_1,x_1,y_1,x_vel_1,y_vel_1,angle_1,id_2,type_2,color_2,x_2,y_2,x_vel_2,y_vel_2,angle_2,kind,id_1,type_1,color_1,x_1,y_1,x_vel_1,y_vel_1,angle_1,id_2,type_2,color_2,x_2,y_2,x_vel_2,y_vel_2,angle_2,kind,id_1,type_1,color_1,x_1,y_1,x_vel_1,y_vel_1,angle_1,id_2,type_2,color_2,x_2,y_2,x_vel_2,y_vel_2,angle_2,kind,id_1,type_1,color_1,x_1,y_1,x_vel_1,y_vel_1,angle_1,id_2,type_2,color_2,x_2,y_2,x_vel_2,y_vel_2,angle_2,kind,id_1,type_1,color_1,x_1,y_1,x_vel_1,y_vel_1,angle_1,id_2,type_2,color_2,x_2,y_2,x_vel_2,y_vel_2,angle_2,kind,id_1,type_1,color_1,x_1,y_1,x_vel_1,y_vel_1,angle_1,id_2,type_2,color_2,x_2,y_2,x_vel_2,y_vel_2,angle_2,kind,id_1,type_1,color_1,x_1,y_1,x_vel_1,y_vel_1,angle_1,id_2,type_2,color_2,x_2,y_2,x_vel_2,y_vel_2,angle_2,kind,id_1,type_1,color_1,x_1,y_1,x_vel_1,y_vel_1,angle_1,id_2,type_2,color_2,x_2,y_2,x_vel_2,y_vel_2,angle_2,kind,id_1,type_1,color_1,x_1,y_1,x_vel_1,y_vel_1,angle_1,id_2,type_2,color_2,x_2,y_2,x_vel_2,y_vel_2,angle_2,kind,id_1,type_1,color_1,x_1,y_1,x_vel_1,y_vel_1,angle_1,id_2,type_2,color_2,x_2,y_2,x_vel_2,y_vel_2,angle_2,kind,id_1,type_1,color_1,x_1,y_1,x_vel_1,y_vel_1,angle_1,id_2,type_2,color_2,x_2,y_2,x_vel_2,y_vel_2,angle_2,kind,id_1,type_1,color_1,x_1,y_1,x_vel_1,y_vel_1,angle_1,id_2,type_2,color_2,x_2,y_2,x_vel_2,y_vel_2,angle_2,kind,id_1,type_1,color_1,x_1,y_1,x_vel_1,y_vel_1,angle_1,id_2,type_2,color_2,x_2,y_2,x_vel_2,y_vel_2,angle_2,kind,id_1,type_1,color_1,x_1,y_1,x_vel_1,y_vel_1,angle_1,id_2,type_2,color_2,x_2,y_2,x_vel_2,y_vel_2,angle_2,kind,id_1,type_1,color_1,x_1,y_1,x_vel_1,y_vel_1,angle_1,id_2,type_2,color_2,x_2,y_2,x_vel_2,y_vel_2,angle_2,kind,id_1,type_1,color_1,x_1,y_1,x_vel_1,y_vel_1,angle_1,id_2,type_2,color_2,x_2,y_2,x_vel_2,y_vel_2,angle_2,kind,id_1,type_1,color_1,x_1,y_1,x_vel_1,y_vel_1,angle_1,id_2,type_2,color_2,x_2,y_2,x_vel_2,y_vel_2,angle_2,kind,id_1,type_1,color_1,x_1,y_1,x_vel_1,y_vel_1,angle_1,id_2,type_2,color_2,x_2,y_2,x_vel_2,y_vel_2,angle_2,kind,id_1,type_1,color_1,x_1,y_1,x_vel_1,y_vel_1,angle_1,id_2,type_2,color_2,x_2,y_2,x_vel_2,y_vel_2,angle_2,kind,id_1,type_1,color_1,x_1,y_1,x_vel_1,y_vel_1,angle_1,id_2,type_2,color_2,x_2,y_2,x_vel_2,y_vel_2,angle_2,kind,id_1,type_1,color_1,x_1,y_1,x_vel_1,y_vel_1,angle_1,id_2,type_2,color_2,x_2,y_2,x_vel_2,y_vel_2,angle_2,kind,id_1,type_1,color_1,x_1,y_1,x_vel_1,y_vel_1,angle_1,id_2,type_2,color_2,x_2,y_2,x_vel_2,y_vel_2,angle_2,kind,id_1,type_1,color_1,x_1,y_1,x_vel_1,y_vel_1,angle_1,id_2,type_2,color_2,x_2,y_2,x_vel_2,y_vel_2,angle_2,kind,id_1,type_1,color_1,x_1,y_1,x_vel_1,y_vel_1,angle_1,id_2,type_2,color_2,x_2,y_2,x_vel_2,y_vel_2,angle_2,kind,id_1,type_1,color_1,x_1,y_1,x_vel_1,y_vel_1,angle_1,id_2,type_2,color_2,x_2,y_2,x_vel_2,y_vel_2,angle_2,kind,id_1,type_1,color_1,x_1,y_1,x_vel_1,y_vel_1,angle_1,id_2,type_2,color_2,x_2,y_2,x_vel_2,y_vel_2,angle_2,kind,id_1,type_1,color_1,x_1,y_1,x_vel_1,y_vel_1,angle_1,id_2,type_2,color_2,x_2,y_2,x_vel_2,y_vel_2,angle_2,kind,id_1,type_1,color_1,x_1,y_1,x_vel_1,y_vel_1,angle_1,id_2,type_2,color_2,x_2,y_2,x_vel_2,y_vel_2,angle_2,kind,id_1,type_1,color_1,x_1,y_1,x_vel_1,y_vel_1,angle_1,id_2,type_2,color_2,x_2,y_2,x_vel_2,y_vel_2,angle_2,kind,id_1,type_1,color_1,x_1,y_1,x_vel_1,y_vel_1,angle_1,id_2,type_2,color_2,x_2,y_2,x_vel_2,y_vel_2,angle_2,kind,id_1,type_1,color_1,x_1,y_1,x_vel_1,y_vel_1,angle_1,id_2,type_2,color_2,x_2,y_2,x_vel_2,y_vel_2,angle_2,kind,id_1,type_1,color_1,x_1,y_1,x_vel_1,y_vel_1,angle_1,id_2,type_2,color_2,x_2,y_2,x_vel_2,y_vel_2,angle_2,kind,id_1,type_1,color_1,x_1,y_1,x_vel_1,y_vel_1,angle_1,id_2,type_2,color_2,x_2,y_2,x_vel_2,y_vel_2,angle_2,kind,id_1,type_1,color_1,x_1,y_1,x_vel_1,y_vel_1,angle_1,id_2,type_2,color_2,x_2,y_2,x_vel_2,y_vel_2,angle_2,kind,id_1,type_1,color_1,x_1,y_1,x_vel_1,y_vel_1,angle_1,id_2,type_2,color_2,x_2,y_2,x_vel_2,y_vel_2,angle_2,kind,id_1,type_1,color_1,x_1,y_1,x_vel_1,y_vel_1,angle_1,id_2,type_2,color_2,x_2,y_2,x_vel_2,y_vel_2,angle_2,kind,id_1,type_1,color_1,x_1,y_1,x_vel_1,y_vel_1,angle_1,id_2,type_2,color_2,x_2,y_2,x_vel_2,y_vel_2,angle_2,kind,id_1,type_1,color_1,x_1,y_1,x_vel_1,y_vel_1,angle_1,id_2,type_2,color_2,x_2,y_2,x_vel_2,y_vel_2,angle_2,kind,id_1,type_1,color_1,x_1,y_1,x_vel_1,y_vel_1,angle_1,id_2,type_2,color_2,x_2,y_2,x_vel_2,y_vel_2,angle_2,kind,id_1,type_1,color_1,x_1,y_1,x_vel_1,y_vel_1,angle_1,id_2,type_2,color_2,x_2,y_2,x_vel_2,y_vel_2,angle_2,kind,id_1,type_1,color_1,x_1,y_1,x_vel_1,y_vel_1,angle_1,id_2,type_2,color_2,x_2,y_2,x_vel_2,y_vel_2,angle_2,kind,id_1,type_1,color_1,x_1,y_1,x_vel_1,y_vel_1,angle_1,id_2,type_2,color_2,x_2,y_2,x_vel_2,y_vel_2,angle_2,kind,id_1,type_1,color_1,x_1,y_1,x_vel_1,y_vel_1,angle_1,id_2,type_2,color_2,x_2,y_2,x_vel_2,y_vel_2,angle_2,kind,id_1,type_1,color_1,x_1,y_1,x_vel_1,y_vel_1,angle_1,id_2,type_2,color_2,x_2,y_2,x_vel_2,y_vel_2,angle_2,kind,id_1,type_1,color_1,x_1,y_1,x_vel_1,y_vel_1,angle_1,id_2,type_2,color_2,x_2,y_2,x_vel_2,y_vel_2,angle_2,kind,id_1,type_1,color_1,x_1,y_1,x_vel_1,y_vel_1,angle_1,id_2,type_2,color_2,x_2,y_2,x_vel_2,y_vel_2,angle_2,kind,id_1,type_1,color_1,x_1,y_1,x_vel_1,y_vel_1,angle_1,id_2,type_2,color_2,x_2,y_2,x_vel_2,y_vel_2,angle_2,kind,id_1,type_1,color_1,x_1,y_1,x_vel_1,y_vel_1,angle_1,id_2,type_2,color_2,x_2,y_2,x_vel_2,y_vel_2,angle_2,kind,id_1,type_1,color_1,x_1,y_1,x_vel_1,y_vel_1,angle_1,id_2,type_2,color_2,x_2,y_2,x_vel_2,y_vel_2,angle_2,kind,id_1,type_1,color_1,x_1,y_1,x_vel_1,y_vel_1,angle_1,id_2,type_2,color_2,x_2,y_2,x_vel_2,y_vel_2,angle_2,kind,id_1,type_1,color_1,x_1,y_1,x_vel_1,y_vel_1,angle_1,id_2,type_2,color_2,x_2,y_2,x_vel_2,y_vel_2,angle_2,kind,id_1,type_1,color_1,x_1,y_1,x_vel_1,y_vel_1,angle_1,id_2,type_2,color_2,x_2,y_2,x_vel_2,y_vel_2,angle_2,kind,id_1,type_1,color_1,x_1,y_1,x_vel_1,y_vel_1,angle_1,id_2,type_2,color_2,x_2,y_2,x_vel_2,y_vel_2,angle_2,kind,id_1,type_1,color_1,x_1,y_1,x_vel_1,y_vel_1,angle_1,id_2,type_2,color_2,x_2,y_2,x_vel_2,y_vel_2,angle_2,kind,id_1,type_1,color_1,x_1,y_1,x_vel_1,y_vel_1,angle_1,id_2,type_2,color_2,x_2,y_2,x_vel_2,y_vel_2,angle_2,kind,id_1,type_1,color_1,x_1,y_1,x_vel_1,y_vel_1,angle_1,id_2,type_2,color_2,x_2,y_2,x_vel_2,y_vel_2,angle_2,kind,id_1,type_1,color_1,x_1,y_1,x_vel_1,y_vel_1,angle_1,id_2,type_2,color_2,x_2,y_2,x_vel_2,y_vel_2,angle_2,kind,id_1,type_1,color_1,x_1,y_1,x_vel_1,y_vel_1,angle_1,id_2,type_2,color_2,x_2,y_2,x_vel_2,y_vel_2,angle_2,kind,id_1,type_1,color_1,x_1,y_1,x_vel_1,y_vel_1,angle_1,id_2,type_2,color_2,x_2,y_2,x_vel_2,y_vel_2,angle_2,kind,id_1,type_1,color_1,x_1,y_1,x_vel_1,y_vel_1,angle_1,id_2,type_2,color_2,x_2,y_2,x_vel_2,y_vel_2,angle_2,kind,id_1,type_1,color_1,x_1,y_1,x_vel_1,y_vel_1,angle_1,id_2,type_2,color_2,x_2,y_2,x_vel_2,y_vel_2,angle_2,kind,id_1,type_1,color_1,x_1,y_1,x_vel_1,y_vel_1,angle_1,id_2,type_2,color_2,x_2,y_2,x_vel_2,y_vel_2,angle_2,kind,id_1,type_1,color_1,x_1,y_1,x_vel_1,y_vel_1,angle_1,id_2,type_2,color_2,x_2,y_2,x_vel_2,y_vel_2,angle_2,kind,id_1,type_1,color_1,x_1,y_1,x_vel_1,y_vel_1,angle_1,id_2,type_2,color_2,x_2,y_2,x_vel_2,y_vel_2,angle_2,kind,id_1,type_1,color_1,x_1,y_1,x_vel_1,y_vel_1,angle_1,id_2,type_2,color_2,x_2,y_2,x_vel_2,y_vel_2,angle_2,kind,id_1,type_1,color_1,x_1,y_1,x_vel_1,y_vel_1,angle_1,id_2,type_2,color_2,x_2,y_2,x_vel_2,y_vel_2,angle_2,kind,id_1,type_1,color_1,x_1,y_1,x_vel_1,y_vel_1,angle_1,id_2,type_2,color_2,x_2,y_2,x_vel_2,y_vel_2,angle_2,kind,id_1,type_1,color_1,x_1,y_1,x_vel_1,y_vel_1,angle_1,id_2,type_2,color_2,x_2,y_2,x_vel_2,y_vel_2,angle_2,kind,id_1,type_1,color_1,x_1,y_1,x_vel_1,y_vel_1,angle_1,id_2,type_2,color_2,x_2,y_2,x_vel_2,y_vel_2,angle_2,kind,id_1,type_1,color_1,x_1,y_1,x_vel_1,y_vel_1,angle_1,id_2,type_2,color_2,x_2,y_2,x_vel_2,y_vel_2,angle_2,kind,id_1,type_1,color_1,x_1,y_1,x_vel_1,y_vel_1,angle_1,id_2,type_2,color_2,x_2,y_2,x_vel_2,y_vel_2,angle_2,kind,id_1,type_1,color_1,x_1,y_1,x_vel_1,y_vel_1,angle_1,id_2,type_2,color_2,x_2,y_2,x_vel_2,y_vel_2,angle_2,kind,id_1,type_1,color_1,x_1,y_1,x_vel_1,y_vel_1,angle_1,id_2,type_2,color_2,x_2,y_2,x_vel_2,y_vel_2,angle_2,kind,id_1,type_1,color_1,x_1,y_1,x_vel_1,y_vel_1,angle_1,id_2,type_2,color_2,x_2,y_2,x_vel_2,y_vel_2,angle_2,kind,id_1,type_1,color_1,x_1,y_1,x_vel_1,y_vel_1,angle_1,id_2,type_2,color_2,x_2,y_2,x_vel_2,y_vel_2,angle_2,kind,id_1,type_1,color_1,x_1,y_1,x_vel_1,y_vel_1,angle_1,id_2,type_2,color_2,x_2,y_2,x_vel_2,y_vel_2,angle_2,kind,id_1,type_1,color_1,x_1,y_1,x_vel_1,y_vel_1,angle_1,id_2,type_2,color_2,x_2,y_2,x_vel_2,y_vel_2,angle_2,kind,id_1,type_1,color_1,x_1,y_1,x_vel_1,y_vel_1,angle_1,id_2,type_2,color_2,x_2,y_2,x_vel_2,y_vel_2,angle_2,kind,id_1,type_1,color_1,x_1,y_1,x_vel_1,y_vel_1,angle_1,id_2,type_2,color_2,x_2,y_2,x_vel_2,y_vel_2,angle_2,kind,id_1,type_1,color_1,x_1,y_1,x_vel_1,y_vel_1,angle_1,id_2,type_2,color_2,x_2,y_2,x_vel_2,y_vel_2,angle_2,kind,id_1,type_1,color_1,x_1,y_1,x_vel_1,y_vel_1,angle_1,id_2,type_2,color_2,x_2,y_2,x_vel_2,y_vel_2,angle_2,kind,id_1,type_1,color_1,x_1,y_1,x_vel_1,y_vel_1,angle_1,id_2,type_2,color_2,x_2,y_2,x_vel_2,y_vel_2,angle_2,kind,id_1,type_1,color_1,x_1,y_1,x_vel_1,y_vel_1,angle_1,id_2,type_2,color_2,x_2,y_2,x_vel_2,y_vel_2,angle_2,kind,id_1,type_1,color_1,x_1,y_1,x_vel_1,y_vel_1,angle_1,id_2,type_2,color_2,x_2,y_2,x_vel_2,y_vel_2,angle_2,kind,id_1,type_1,color_1,x_1,y_1,x_vel_1,y_vel_1,angle_1,id_2,type_2,color_2,x_2,y_2,x_vel_2,y_vel_2,angle_2,kind,id_1,type_1,color_1,x_1,y_1,x_vel_1,y_vel_1,angle_1,id_2,type_2,color_2,x_2,y_2,x_vel_2,y_vel_2,angle_2,kind,id_1,type_1,color_1,x_1,y_1,x_vel_1,y_vel_1,angle_1,id_2,type_2,color_2,x_2,y_2,x_vel_2,y_vel_2,angle_2,kind,id_1,type_1,color_1,x_1,y_1,x_vel_1,y_vel_1,angle_1,id_2,type_2,color_2,x_2,y_2,x_vel_2,y_vel_2,angle_2,kind,id_1,type_1,color_1,x_1,y_1,x_vel_1,y_vel_1,angle_1,id_2,type_2,color_2,x_2,y_2,x_vel_2,y_vel_2,angle_2,kind,id_1,type_1,color_1,x_1,y_1,x_vel_1,y_vel_1,angle_1,id_2,type_2,color_2,x_2,y_2,x_vel_2,y_vel_2,angle_2,kind,id_1,type_1,color_1,x_1,y_1,x_vel_1,y_vel_1,angle_1,id_2,type_2,color_2,x_2,y_2,x_vel_2,y_vel_2,angle_2,kind,id_1,type_1,color_1,x_1,y_1,x_vel_1,y_vel_1,angle_1,id_2,type_2,color_2,x_2,y_2,x_vel_2,y_vel_2,angle_2,kind,id_1,type_1,color_1,x_1,y_1,x_vel_1,y_vel_1,angle_1,id_2,type_2,color_2,x_2,y_2,x_vel_2,y_vel_2,angle_2,kind,id_1,type_1,color_1,x_1,y_1,x_vel_1,y_vel_1,angle_1,id_2,type_2,color_2,x_2,y_2,x_vel_2,y_vel_2,angle_2,kind,id_1,type_1,color_1,x_1,y_1,x_vel_1,y_vel_1,angle_1,id_2,type_2,color_2,x_2,y_2,x_vel_2,y_vel_2,angle_2,kind,id_1,type_1,color_1,x_1,y_1,x_vel_1,y_vel_1,angle_1,id_2,type_2,color_2,x_2,y_2,x_vel_2,y_vel_2,angle_2,kind,id_1,type_1,color_1,x_1,y_1,x_vel_1,y_vel_1,angle_1,id_2,type_2,color_2,x_2,y_2,x_vel_2,y_vel_2,angle_2,kind,id_1,type_1,color_1,x_1,y_1,x_vel_1,y_vel_1,angle_1,id_2,type_2,color_2,x_2,y_2,x_vel_2,y_vel_2,angle_2,kind,id_1,type_1,color_1,x_1,y_1,x_vel_1,y_vel_1,angle_1,id_2,type_2,color_2,x_2,y_2,x_vel_2,y_vel_2,angle_2,kind,id_1,type_1,color_1,x_1,y_1,x_vel_1,y_vel_1,angle_1,id_2,type_2,color_2,x_2,y_2,x_vel_2,y_vel_2,angle_2,kind,id_1,type_1,color_1,x_1,y_1,x_vel_1,y_vel_1,angle_1,id_2,type_2,color_2,x_2,y_2,x_vel_2,y_vel_2,angle_2,kind,id_1,type_1,color_1,x_1,y_1,x_vel_1,y_vel_1,angle_1,id_2,type_2,color_2,x_2,y_2,x_vel_2,y_vel_2,angle_2,kind,id_1,type_1,color_1,x_1,y_1,x_vel_1,y_vel_1,angle_1,id_2,type_2,color_2,x_2,y_2,x_vel_2,y_vel_2,angle_2,kind,id_1,type_1,color_1,x_1,y_1,x_vel_1,y_vel_1,angle_1,id_2,type_2,color_2,x_2,y_2,x_vel_2,y_vel_2,angle_2,kind,id_1,type_1,color_1,x_1,y_1,x_vel_1,y_vel_1,angle_1,id_2,type_2,color_2,x_2,y_2,x_vel_2,y_vel_2,angle_2,kind,id_1,type_1,color_1,x_1,y_1,x_vel_1,y_vel_1,angle_1,id_2,type_2,color_2,x_2,y_2,x_vel_2,y_vel_2,angle_2,kind,id_1,type_1,color_1,x_1,y_1,x_vel_1,y_vel_1,angle_1,id_2,type_2,color_2,x_2,y_2,x_vel_2,y_vel_2,angle_2,kind,id_1,type_1,color_1,x_1,y_1,x_vel_1,y_vel_1,angle_1,id_2,type_2,color_2,x_2,y_2,x_vel_2,y_vel_2,angle_2,kind,id_1,type_1,color_1,x_1,y_1,x_vel_1,y_vel_1,angle_1,id_2,type_2,color_2,x_2,y_2,x_vel_2,y_vel_2,angle_2,kind,id_1,type_1,color_1,x_1,y_1,x_vel_1,y_vel_1,angle_1,id_2,type_2,color_2,x_2,y_2,x_vel_2,y_vel_2,angle_2,kind,id_1,type_1,color_1,x_1,y_1,x_vel_1,y_vel_1,angle_1,id_2,type_2,color_2,x_2,y_2,x_vel_2,y_vel_2,angle_2,kind,id_1,type_1,color_1,x_1,y_1,x_vel_1,y_vel_1,angle_1,id_2,type_2,color_2,x_2,y_2,x_vel_2,y_vel_2,angle_2,kind,id_1,type_1,color_1,x_1,y_1,x_vel_1,y_vel_1,angle_1,id_2,type_2,color_2,x_2,y_2,x_vel_2,y_vel_2,angle_2,kind,id_1,type_1,color_1,x_1,y_1,x_vel_1,y_vel_1,angle_1,id_2,type_2,color_2,x_2,y_2,x_vel_2,y_vel_2,angle_2,kind,id_1,type_1,color_1,x_1,y_1,x_vel_1,y_vel_1,angle_1,id_2,type_2,color_2,x_2,y_2,x_vel_2,y_vel_2,angle_2,kind,id_1,type_1,color_1,x_1,y_1,x_vel_1,y_vel_1,angle_1,id_2,type_2,color_2,x_2,y_2,x_vel_2,y_vel_2,angle_2,kind,id_1,type_1,color_1,x_1,y_1,x_vel_1,y_vel_1,angle_1,id_2,type_2,color_2,x_2,y_2,x_vel_2,y_vel_2,angle_2,kind,id_1,type_1,color_1,x_1,y_1,x_vel_1,y_vel_1,angle_1,id_2,type_2,color_2,x_2,y_2,x_vel_2,y_vel_2,angle_2,kind,id_1,type_1,color_1,x_1,y_1,x_vel_1,y_vel_1,angle_1,id_2,type_2,color_2,x_2,y_2,x_vel_2,y_vel_2,angle_2,kind,id_1,type_1,color_1,x_1,y_1,x_vel_1,y_vel_1,angle_1,id_2,type_2,color_2,x_2,y_2,x_vel_2,y_vel_2,angle_2,kind,id_1,type_1,color_1,x_1,y_1,x_vel_1,y_vel_1,angle_1,id_2,type_2,color_2,x_2,y_2,x_vel_2,y_vel_2,angle_2,kind,id_1,type_1,color_1,x_1,y_1,x_vel_1,y_vel_1,angle_1,id_2,type_2,color_2,x_2,y_2,x_vel_2,y_vel_2,angle_2,kind,id_1,type_1,color_1,x_1,y_1,x_vel_1,y_vel_1,angle_1,id_2,type_2,color_2,x_2,y_2,x_vel_2,y_vel_2,angle_2,kind,id_1,type_1,color_1,x_1,y_1,x_vel_1,y_vel_1,angle_1,id_2,type_2,color_2,x_2,y_2,x_vel_2,y_vel_2,angle_2,kind,id_1,type_1,color_1,x_1,y_1,x_vel_1,y_vel_1,angle_1,id_2,type_2,color_2,x_2,y_2,x_vel_2,y_vel_2,angle_2,kind,id_1,type_1,color_1,x_1,y_1,x_vel_1,y_vel_1,angle_1,id_2,type_2,color_2,x_2,y_2,x_vel_2,y_vel_2,angle_2,kind,id_1,type_1,color_1,x_1,y_1,x_vel_1,y_vel_1,angle_1,id_2,type_2,color_2,x_2,y_2,x_vel_2,y_vel_2,angle_2,kind,id_1,type_1,color_1,x_1,y_1,x_vel_1,y_vel_1,angle_1,id_2,type_2,color_2,x_2,y_2,x_vel_2,y_vel_2,angle_2,kind,id_1,type_1,color_1,x_1,y_1,x_vel_1,y_vel_1,angle_1,id_2,type_2,color_2,x_2,y_2,x_vel_2,y_vel_2,angle_2,kind,id_1,type_1,color_1,x_1,y_1,x_vel_1,y_vel_1,angle_1,id_2,type_2,color_2,x_2,y_2,x_vel_2,y_vel_2,angle_2,kind,id_1,type_1,color_1,x_1,y_1,x_vel_1,y_vel_1,angle_1,id_2,type_2,color_2,x_2,y_2,x_vel_2,y_vel_2,angle_2,kind,id_1,type_1,color_1,x_1,y_1,x_vel_1,y_vel_1,angle_1,id_2,type_2,color_2,x_2,y_2,x_vel_2,y_vel_2,angle_2,kind,id_1,type_1,color_1,x_1,y_1,x_vel_1,y_vel_1,angle_1,id_2,type_2,color_2,x_2,y_2,x_vel_2,y_vel_2,angle_2,kind,id_1,type_1,color_1,x_1,y_1,x_vel_1,y_vel_1,angle_1,id_2,type_2,color_2,x_2,y_2,x_vel_2,y_vel_2,angle_2,kind,id_1,type_1,color_1,x_1,y_1,x_vel_1,y_vel_1,angle_1,id_2,type_2,color_2,x_2,y_2,x_vel_2,y_vel_2,angle_2,kind,id_1,type_1,color_1,x_1,y_1,x_vel_1,y_vel_1,angle_1,id_2,type_2,color_2,x_2,y_2,x_vel_2,y_vel_2,angle_2,kind,id_1,type_1,color_1,x_1,y_1,x_vel_1,y_vel_1,angle_1,id_2,type_2,color_2,x_2,y_2,x_vel_2,y_vel_2,angle_2,kind,id_1,type_1,color_1,x_1,y_1,x_vel_1,y_vel_1,angle_1,id_2,type_2,color_2,x_2,y_2,x_vel_2,y_vel_2,angle_2,kind,id_1,type_1,color_1,x_1,y_1,x_vel_1,y_vel_1,angle_1,id_2,type_2,color_2,x_2,y_2,x_vel_2,y_vel_2,angle_2,kind,id_1,type_1,color_1,x_1,y_1,x_vel_1,y_vel_1,angle_1,id_2,type_2,color_2,x_2,y_2,x_vel_2,y_vel_2,angle_2,kind,id_1,type_1,color_1,x_1,y_1,x_vel_1,y_vel_1,angle_1,id_2,type_2,color_2,x_2,y_2,x_vel_2,y_vel_2,angle_2,kind,id_1,type_1,color_1,x_1,y_1,x_vel_1,y_vel_1,angle_1,id_2,type_2,color_2,x_2,y_2,x_vel_2,y_vel_2,angle_2,kind,id_1,type_1,color_1,x_1,y_1,x_vel_1,y_vel_1,angle_1,id_2,type_2,color_2,x_2,y_2,x_vel_2,y_vel_2,angle_2,kind,id_1,type_1,color_1,x_1,y_1,x_vel_1,y_vel_1,angle_1,id_2,type_2,color_2,x_2,y_2,x_vel_2,y_vel_2,angle_2,kind,id_1,type_1,color_1,x_1,y_1,x_vel_1,y_vel_1,angle_1,id_2,type_2,color_2,x_2,y_2,x_vel_2,y_vel_2,angle_2,kind,id_1,type_1,color_1,x_1,y_1,x_vel_1,y_vel_1,angle_1,id_2,type_2,color_2,x_2,y_2,x_vel_2,y_vel_2,angle_2,kind,id_1,type_1,color_1,x_1,y_1,x_vel_1,y_vel_1,angle_1,id_2,type_2,color_2,x_2,y_2,x_vel_2,y_vel_2,angle_2,kind,id_1,type_1,color_1,x_1,y_1,x_vel_1,y_vel_1,angle_1,id_2,type_2,color_2,x_2,y_2,x_vel_2,y_vel_2,angle_2,kind,id_1,type_1,color_1,x_1,y_1,x_vel_1,y_vel_1,angle_1,id_2,type_2,color_2,x_2,y_2,x_vel_2,y_vel_2,angle_2,kind,id_1,type_1,color_1,x_1,y_1,x_vel_1,y_vel_1,angle_1,id_2,type_2,color_2,x_2,y_2,x_vel_2,y_vel_2,angle_2,kind,id_1,type_1,color_1,x_1,y_1,x_vel_1,y_vel_1,angle_1,id_2,type_2,color_2,x_2,y_2,x_vel_2,y_vel_2,angle_2,kind,id_1,type_1,color_1,x_1,y_1,x_vel_1,y_vel_1,angle_1,id_2,type_2,color_2,x_2,y_2,x_vel_2,y_vel_2,angle_2,kind,id_1,type_1,color_1,x_1,y_1,x_vel_1,y_vel_1,angle_1,id_2,type_2,color_2,x_2,y_2,x_vel_2,y_vel_2,angle_2,kind,id_1,type_1,color_1,x_1,y_1,x_vel_1,y_vel_1,angle_1,id_2,type_2,color_2,x_2,y_2,x_vel_2,y_vel_2,angle_2,kind,id_1,type_1,color_1,x_1,y_1,x_vel_1,y_vel_1,angle_1,id_2,type_2,color_2,x_2,y_2,x_vel_2,y_vel_2,angle_2,kind,id_1,type_1,color_1,x_1,y_1,x_vel_1,y_vel_1,angle_1,id_2,type_2,color_2,x_2,y_2,x_vel_2,y_vel_2,angle_2,kind,id_1,type_1,color_1,x_1,y_1,x_vel_1,y_vel_1,angle_1,id_2,type_2,color_2,x_2,y_2,x_vel_2,y_vel_2,angle_2,kind,id_1,type_1,color_1,x_1,y_1,x_vel_1,y_vel_1,angle_1,id_2,type_2,color_2,x_2,y_2,x_vel_2,y_vel_2,angle_2,kind,id_1,type_1,color_1,x_1,y_1,x_vel_1,y_vel_1,angle_1,id_2,type_2,color_2,x_2,y_2,x_vel_2,y_vel_2,angle_2,kind,id_1,type_1,color_1,x_1,y_1,x_vel_1,y_vel_1,angle_1,id_2,type_2,color_2,x_2,y_2,x_vel_2,y_vel_2,angle_2,kind,id_1,type_1,color_1,x_1,y_1,x_vel_1,y_vel_1,angle_1,id_2,type_2,color_2,x_2,y_2,x_vel_2,y_vel_2,angle_2,kind,id_1,type_1,color_1,x_1,y_1,x_vel_1,y_vel_1,angle_1,id_2,type_2,color_2,x_2,y_2,x_vel_2,y_vel_2,angle_2,kind,id_1,type_1,color_1,x_1,y_1,x_vel_1,y_vel_1,angle_1,id_2,type_2,color_2,x_2,y_2,x_vel_2,y_vel_2,angle_2,kind,id_1,type_1,color_1,x_1,y_1,x_vel_1,y_vel_1,angle_1,id_2,type_2,color_2,x_2,y_2,x_vel_2,y_vel_2,angle_2,kind,id_1,type_1,color_1,x_1,y_1,x_vel_1,y_vel_1,angle_1,id_2,type_2,color_2,x_2,y_2,x_vel_2,y_vel_2,angle_2,kind,id_1,type_1,color_1,x_1,y_1,x_vel_1,y_vel_1,angle_1,id_2,type_2,color_2,x_2,y_2,x_vel_2,y_vel_2,angle_2,kind,id_1,type_1,color_1,x_1,y_1,x_vel_1,y_vel_1,angle_1,id_2,type_2,color_2,x_2,y_2,x_vel_2,y_vel_2,angle_2,kind,id_1,type_1,color_1,x_1,y_1,x_vel_1,y_vel_1,angle_1,id_2,type_2,color_2,x_2,y_2,x_vel_2,y_vel_2,angle_2,kind,id_1,type_1,color_1,x_1,y_1,x_vel_1,y_vel_1,angle_1,id_2,type_2,color_2,x_2,y_2,x_vel_2,y_vel_2,angle_2,kind,id_1,type_1,color_1,x_1,y_1,x_vel_1,y_vel_1,angle_1,id_2,type_2,color_2,x_2,y_2,x_vel_2,y_vel_2,angle_2,kind,id_1,type_1,color_1,x_1,y_1,x_vel_1,y_vel_1,angle_1,id_2,type_2,color_2,x_2,y_2,x_vel_2,y_vel_2,angle_2,kind,id_1,type_1,color_1,x_1,y_1,x_vel_1,y_vel_1,angle_1,id_2,type_2,color_2,x_2,y_2,x_vel_2,y_vel_2,angle_2,kind,id_1,type_1,color_1,x_1,y_1,x_vel_1,y_vel_1,angle_1,id_2,type_2,color_2,x_2,y_2,x_vel_2,y_vel_2,angle_2,kind,id_1,type_1,color_1,x_1,y_1,x_vel_1,y_vel_1,angle_1,id_2,type_2,color_2,x_2,y_2,x_vel_2,y_vel_2,angle_2,kind,id_1,type_1,color_1,x_1,y_1,x_vel_1,y_vel_1,angle_1,id_2,type_2,color_2,x_2,y_2,x_vel_2,y_vel_2,angle_2,kind,id_1,type_1,color_1,x_1,y_1,x_vel_1,y_vel_1,angle_1,id_2,type_2,color_2,x_2,y_2,x_vel_2,y_vel_2,angle_2,kind,id_1,type_1,color_1,x_1,y_1,x_vel_1,y_vel_1,angle_1,id_2,type_2,color_2,x_2,y_2,x_vel_2,y_vel_2,angle_2,kind,id_1,type_1,color_1,x_1,y_1,x_vel_1,y_vel_1,angle_1,id_2,type_2,color_2,x_2,y_2,x_vel_2,y_vel_2,angle_2,kind,id_1,type_1,color_1,x_1,y_1,x_vel_1,y_vel_1,angle_1,id_2,type_2,color_2,x_2,y_2,x_vel_2,y_vel_2,angle_2,kind,id_1,type_1,color_1,x_1,y_1,x_vel_1,y_vel_1,angle_1,id_2,type_2,color_2,x_2,y_2,x_vel_2,y_vel_2,angle_2,kind,id_1,type_1,color_1,x_1,y_1,x_vel_1,y_vel_1,angle_1,id_2,type_2,color_2,x_2,y_2,x_vel_2,y_vel_2,angle_2,kind,id_1,type_1,color_1,x_1,y_1,x_vel_1,y_vel_1,angle_1,id_2,type_2,color_2,x_2,y_2,x_vel_2,y_vel_2,angle_2,kind,id_1,type_1,color_1,x_1,y_1,x_vel_1,y_vel_1,angle_1,id_2,type_2,color_2,x_2,y_2,x_vel_2,y_vel_2,angle_2,kind,id_1,type_1,color_1,x_1,y_1,x_vel_1,y_vel_1,angle_1,id_2,type_2,color_2,x_2,y_2,x_vel_2,y_vel_2,angle_2,kind,id_1,type_1,color_1,x_1,y_1,x_vel_1,y_vel_1,angle_1,id_2,type_2,color_2,x_2,y_2,x_vel_2,y_vel_2,angle_2,kind,id_1,type_1,color_1,x_1,y_1,x_vel_1,y_vel_1,angle_1,id_2,type_2,color_2,x_2,y_2,x_vel_2,y_vel_2,angle_2,kind,id_1,type_1,color_1,x_1,y_1,x_vel_1,y_vel_1,angle_1,id_2,type_2,color_2,x_2,y_2,x_vel_2,y_vel_2,angle_2,kind,id_1,type_1,color_1,x_1,y_1,x_vel_1,y_vel_1,angle_1,id_2,type_2,color_2,x_2,y_2,x_vel_2,y_vel_2,angle_2,kind,id_1,type_1,color_1,x_1,y_1,x_vel_1,y_vel_1,angle_1,id_2,type_2,color_2,x_2,y_2,x_vel_2,y_vel_2,angle_2,kind,id_1,type_1,color_1,x_1,y_1,x_vel_1,y_vel_1,angle_1,id_2,type_2,color_2,x_2,y_2,x_vel_2,y_vel_2,angle_2,kind,id_1,type_1,color_1,x_1,y_1,x_vel_1,y_vel_1,angle_1,id_2,type_2,color_2,x_2,y_2,x_vel_2,y_vel_2,angle_2,kind,id_1,type_1,color_1,x_1,y_1,x_vel_1,y_vel_1,angle_1,id_2,type_2,color_2,x_2,y_2,x_vel_2,y_vel_2,angle_2,kind,id_1,type_1,color_1,x_1,y_1,x_vel_1,y_vel_1,angle_1,id_2,type_2,color_2,x_2,y_2,x_vel_2,y_vel_2,angle_2,kind,id_1,type_1,color_1,x_1,y_1,x_vel_1,y_vel_1,angle_1,id_2,type_2,color_2,x_2,y_2,x_vel_2,y_vel_2,angle_2,kind,id_1,type_1,color_1,x_1,y_1,x_vel_1,y_vel_1,angle_1,id_2,type_2,color_2,x_2,y_2,x_vel_2,y_vel_2,angle_2,kind,id_1,type_1,color_1,x_1,y_1,x_vel_1,y_vel_1,angle_1,id_2,type_2,color_2,x_2,y_2,x_vel_2,y_vel_2,angle_2,kind,id_1,type_1,color_1,x_1,y_1,x_vel_1,y_vel_1,angle_1,id_2,type_2,color_2,x_2,y_2,x_vel_2,y_vel_2,angle_2,kind,id_1,type_1,color_1,x_1,y_1,x_vel_1,y_vel_1,angle_1,id_2,type_2,color_2,x_2,y_2,x_vel_2,y_vel_2,angle_2,kind,id_1,type_1,color_1,x_1,y_1,x_vel_1,y_vel_1,angle_1,id_2,type_2,color_2,x_2,y_2,x_vel_2,y_vel_2,angle_2,kind,id_1,type_1,color_1,x_1,y_1,x_vel_1,y_vel_1,angle_1,id_2,type_2,color_2,x_2,y_2,x_vel_2,y_vel_2,angle_2,kind,id_1,type_1,color_1,x_1,y_1,x_vel_1,y_vel_1,angle_1,id_2,type_2,color_2,x_2,y_2,x_vel_2,y_vel_2,angle_2,kind,id_1,type_1,color_1,x_1,y_1,x_vel_1,y_vel_1,angle_1,id_2,type_2,color_2,x_2,y_2,x_vel_2,y_vel_2,angle_2,kind,id_1,type_1,color_1,x_1,y_1,x_vel_1,y_vel_1,angle_1,id_2,type_2,color_2,x_2,y_2,x_vel_2,y_vel_2,angle_2,kind,id_1,type_1,color_1,x_1,y_1,x_vel_1,y_vel_1,angle_1,id_2,type_2,color_2,x_2,y_2,x_vel_2,y_vel_2,angle_2,kind,id_1,type_1,color_1,x_1,y_1,x_vel_1,y_vel_1,angle_1,id_2,type_2,color_2,x_2,y_2,x_vel_2,y_vel_2,angle_2,kind,id_1,type_1,color_1,x_1,y_1,x_vel_1,y_vel_1,angle_1,id_2,type_2,color_2,x_2,y_2,x_vel_2,y_vel_2,angle_2,kind,id_1,type_1,color_1,x_1,y_1,x_vel_1,y_vel_1,angle_1,id_2,type_2,color_2,x_2,y_2,x_vel_2,y_vel_2,angle_2,kind,id_1,type_1,color_1,x_1,y_1,x_vel_1,y_vel_1,angle_1,id_2,type_2,color_2,x_2,y_2,x_vel_2,y_vel_2,angle_2,kind,id_1,type_1,color_1,x_1,y_1,x_vel_1,y_vel_1,angle_1,id_2,type_2,color_2,x_2,y_2,x_vel_2,y_vel_2,angle_2,kind,id_1,type_1,color_1,x_1,y_1,x_vel_1,y_vel_1,angle_1,id_2,type_2,color_2,x_2,y_2,x_vel_2,y_vel_2,angle_2,kind,id_1,type_1,color_1,x_1,y_1,x_vel_1,y_vel_1,angle_1,id_2,type_2,color_2,x_2,y_2,x_vel_2,y_vel_2,angle_2,kind,id_1,type_1,color_1,x_1,y_1,x_vel_1,y_vel_1,angle_1,id_2,type_2,color_2,x_2,y_2,x_vel_2,y_vel_2,angle_2,kind,id_1,type_1,color_1,x_1,y_1,x_vel_1,y_vel_1,angle_1,id_2,type_2,color_2,x_2,y_2,x_vel_2,y_vel_2,angle_2,kind,id_1,type_1,color_1,x_1,y_1,x_vel_1,y_vel_1,angle_1,id_2,type_2,color_2,x_2,y_2,x_vel_2,y_vel_2,angle_2,kind,id_1,type_1,color_1,x_1,y_1,x_vel_1,y_vel_1,angle_1,id_2,type_2,color_2,x_2,y_2,x_vel_2,y_vel_2,angle_2,kind,id_1,type_1,color_1,x_1,y_1,x_vel_1,y_vel_1,angle_1,id_2,type_2,color_2,x_2,y_2,x_vel_2,y_vel_2,angle_2,kind,id_1,type_1,color_1,x_1,y_1,x_vel_1,y_vel_1,angle_1,id_2,type_2,color_2,x_2,y_2,x_vel_2,y_vel_2,angle_2,kind,id_1,type_1,color_1,x_1,y_1,x_vel_1,y_vel_1,angle_1,id_2,type_2,color_2,x_2,y_2,x_vel_2,y_vel_2,angle_2,kind,id_1,type_1,color_1,x_1,y_1,x_vel_1,y_vel_1,angle_1,id_2,type_2,color_2,x_2,y_2,x_vel_2,y_vel_2,angle_2,kind,id_1,type_1,color_1,x_1,y_1,x_vel_1,y_vel_1,angle_1,id_2,type_2,color_2,x_2,y_2,x_vel_2,y_vel_2,angle_2,kind,id_1,type_1,color_1,x_1,y_1,x_vel_1,y_vel_1,angle_1,id_2,type_2,color_2,x_2,y_2,x_vel_2,y_vel_2,angle_2,kind,id_1,type_1,color_1,x_1,y_1,x_vel_1,y_vel_1,angle_1,id_2,type_2,color_2,x_2,y_2,x_vel_2,y_vel_2,angle_2,kind,id_1,type_1,color_1,x_1,y_1,x_vel_1,y_vel_1,angle_1,id_2,type_2,color_2,x_2,y_2,x_vel_2,y_vel_2,angle_2,kind,id_1,type_1,color_1,x_1,y_1,x_vel_1,y_vel_1,angle_1,id_2,type_2,color_2,x_2,y_2,x_vel_2,y_vel_2,angle_2,kind,id_1,type_1,color_1,x_1,y_1,x_vel_1,y_vel_1,angle_1,id_2,type_2,color_2,x_2,y_2,x_vel_2,y_vel_2,angle_2,kind,id_1,type_1,color_1,x_1,y_1,x_vel_1,y_vel_1,angle_1,id_2,type_2,color_2,x_2,y_2,x_vel_2,y_vel_2,angle_2,kind,id_1,type_1,color_1,x_1,y_1,x_vel_1,y_vel_1,angle_1,id_2,type_2,color_2,x_2,y_2,x_vel_2,y_vel_2,angle_2,kind,id_1,type_1,color_1,x_1,y_1,x_vel_1,y_vel_1,angle_1,id_2,type_2,color_2,x_2,y_2,x_vel_2,y_vel_2,angle_2,kind,id_1,type_1,color_1,x_1,y_1,x_vel_1,y_vel_1,angle_1,id_2,type_2,color_2,x_2,y_2,x_vel_2,y_vel_2,angle_2,kind,id_1,type_1,color_1,x_1,y_1,x_vel_1,y_vel_1,angle_1,id_2,type_2,color_2,x_2,y_2,x_vel_2,y_vel_2,angle_2,kind,id_1,type_1,color_1,x_1,y_1,x_vel_1,y_vel_1,angle_1,id_2,type_2,color_2,x_2,y_2,x_vel_2,y_vel_2,angle_2,kind,id_1,type_1,color_1,x_1,y_1,x_vel_1,y_vel_1,angle_1,id_2,type_2,color_2,x_2,y_2,x_vel_2,y_vel_2,angle_2,kind,id_1,type_1,color_1,x_1,y_1,x_vel_1,y_vel_1,angle_1,id_2,type_2,color_2,x_2,y_2,x_vel_2,y_vel_2,angle_2,kind,id_1,type_1,color_1,x_1,y_1,x_vel_1,y_vel_1,angle_1,id_2,type_2,color_2,x_2,y_2,x_vel_2,y_vel_2,angle_2,kind,id_1,type_1,color_1,x_1,y_1,x_vel_1,y_vel_1,angle_1,id_2,type_2,color_2,x_2,y_2,x_vel_2,y_vel_2,angle_2,kind,id_1,type_1,color_1,x_1,y_1,x_vel_1,y_vel_1,angle_1,id_2,type_2,color_2,x_2,y_2,x_vel_2,y_vel_2,angle_2,kind,id_1,type_1,color_1,x_1,y_1,x_vel_1,y_vel_1,angle_1,id_2,type_2,color_2,x_2,y_2,x_vel_2,y_vel_2,angle_2,kind,id_1,type_1,color_1,x_1,y_1,x_vel_1,y_vel_1,angle_1,id_2,type_2,color_2,x_2,y_2,x_vel_2,y_vel_2,angle_2,kind,id_1,type_1,color_1,x_1,y_1,x_vel_1,y_vel_1,angle_1,id_2,type_2,color_2,x_2,y_2,x_vel_2,y_vel_2,angle_2,kind,id_1,type_1,color_1,x_1,y_1,x_vel_1,y_vel_1,angle_1,id_2,type_2,color_2,x_2,y_2,x_vel_2,y_vel_2,angle_2,kind,id_1,type_1,color_1,x_1,y_1,x_vel_1,y_vel_1,angle_1,id_2,type_2,color_2,x_2,y_2,x_vel_2,y_vel_2,angle_2,kind,id_1,type_1,color_1,x_1,y_1,x_vel_1,y_vel_1,angle_1,id_2,type_2,color_2,x_2,y_2,x_vel_2,y_vel_2,angle_2,kind,id_1,type_1,color_1,x_1,y_1,x_vel_1,y_vel_1,angle_1,id_2,type_2,color_2,x_2,y_2,x_vel_2,y_vel_2,angle_2,kind,id_1,type_1,color_1,x_1,y_1,x_vel_1,y_vel_1,angle_1,id_2,type_2,color_2,x_2,y_2,x_vel_2,y_vel_2,angle_2,kind,id_1,type_1,color_1,x_1,y_1,x_vel_1,y_vel_1,angle_1,id_2,type_2,color_2,x_2,y_2,x_vel_2,y_vel_2,angle_2,kind,id_1,type_1,color_1,x_1,y_1,x_vel_1,y_vel_1,angle_1,id_2,type_2,color_2,x_2,y_2,x_vel_2,y_vel_2,angle_2,kind,id_1,type_1,color_1,x_1,y_1,x_vel_1,y_vel_1,angle_1,id_2,type_2,color_2,x_2,y_2,x_vel_2,y_vel_2,angle_2,kind,id_1,type_1,color_1,x_1,y_1,x_vel_1,y_vel_1,angle_1,id_2,type_2,color_2,x_2,y_2,x_vel_2,y_vel_2,angle_2,kind,id_1,type_1,color_1,x_1,y_1,x_vel_1,y_vel_1,angle_1,id_2,type_2,color_2,x_2,y_2,x_vel_2,y_vel_2,angle_2,kind,id_1,type_1,color_1,x_1,y_1,x_vel_1,y_vel_1,angle_1,id_2,type_2,color_2,x_2,y_2,x_vel_2,y_vel_2,angle_2,kind,id_1,type_1,color_1,x_1,y_1,x_vel_1,y_vel_1,angle_1,id_2,type_2,color_2,x_2,y_2,x_vel_2,y_vel_2,angle_2,kind,id_1,type_1,color_1,x_1,y_1,x_vel_1,y_vel_1,angle_1,id_2,type_2,color_2,x_2,y_2,x_vel_2,y_vel_2,angle_2,kind,id_1,type_1,color_1,x_1,y_1,x_vel_1,y_vel_1,angle_1,id_2,type_2,color_2,x_2,y_2,x_vel_2,y_vel_2,angle_2,kind,id_1,type_1,color_1,x_1,y_1,x_vel_1,y_vel_1,angle_1,id_2,type_2,color_2,x_2,y_2,x_vel_2,y_vel_2,angle_2,kind,id_1,type_1,color_1,x_1,y_1,x_vel_1,y_vel_1,angle_1,id_2,type_2,color_2,x_2,y_2,x_vel_2,y_vel_2,angle_2,kind,id_1,type_1,color_1,x_1,y_1,x_vel_1,y_vel_1,angle_1,id_2,type_2,color_2,x_2,y_2,x_vel_2,y_vel_2,angle_2,kind,id_1,type_1,color_1,x_1,y_1,x_vel_1,y_vel_1,angle_1,id_2,type_2,color_2,x_2,y_2,x_vel_2,y_vel_2,angle_2,kind,id_1,type_1,color_1,x_1,y_1,x_vel_1,y_vel_1,angle_1,id_2,type_2,color_2,x_2,y_2,x_vel_2,y_vel_2,angle_2,kind,id_1,type_1,color_1,x_1,y_1,x_vel_1,y_vel_1,angle_1,id_2,type_2,color_2,x_2,y_2,x_vel_2,y_vel_2,angle_2,kind,id_1,type_1,color_1,x_1,y_1,x_vel_1,y_vel_1,angle_1,id_2,type_2,color_2,x_2,y_2,x_vel_2,y_vel_2,angle_2,kind,id_1,type_1,color_1,x_1,y_1,x_vel_1,y_vel_1,angle_1,id_2,type_2,color_2,x_2,y_2,x_vel_2,y_vel_2,angle_2,kind,id_1,type_1,color_1,x_1,y_1,x_vel_1,y_vel_1,angle_1,id_2,type_2,color_2,x_2,y_2,x_vel_2,y_vel_2,angle_2,kind,id_1,type_1,color_1,x_1,y_1,x_vel_1,y_vel_1,angle_1,id_2,type_2,color_2,x_2,y_2,x_vel_2,y_vel_2,angle_2,kind,id_1,type_1,color_1,x_1,y_1,x_vel_1,y_vel_1,angle_1,id_2,type_2,color_2,x_2,y_2,x_vel_2,y_vel_2,angle_2,kind,id_1,type_1,color_1,x_1,y_1,x_vel_1,y_vel_1,angle_1,id_2,type_2,color_2,x_2,y_2,x_vel_2,y_vel_2,angle_2,kind,id_1,type_1,color_1,x_1,y_1,x_vel_1,y_vel_1,angle_1,id_2,type_2,color_2,x_2,y_2,x_vel_2,y_vel_2,angle_2,kind,id_1,type_1,color_1,x_1,y_1,x_vel_1,y_vel_1,angle_1,id_2,type_2,color_2,x_2,y_2,x_vel_2,y_vel_2,angle_2,kind,id_1,type_1,color_1,x_1,y_1,x_vel_1,y_vel_1,angle_1,id_2,type_2,color_2,x_2,y_2,x_vel_2,y_vel_2,angle_2,kind,id_1,type_1,color_1,x_1,y_1,x_vel_1,y_vel_1,angle_1,id_2,type_2,color_2,x_2,y_2,x_vel_2,y_vel_2,angle_2,kind,id_1,type_1,color_1,x_1,y_1,x_vel_1,y_vel_1,angle_1,id_2,type_2,color_2,x_2,y_2,x_vel_2,y_vel_2,angle_2,kind,id_1,type_1,color_1,x_1,y_1,x_vel_1,y_vel_1,angle_1,id_2,type_2,color_2,x_2,y_2,x_vel_2,y_vel_2,angle_2,kind,id_1,type_1,color_1,x_1,y_1,x_vel_1,y_vel_1,angle_1,id_2,type_2,color_2,x_2,y_2,x_vel_2,y_vel_2,angle_2,kind,id_1,type_1,color_1,x_1,y_1,x_vel_1,y_vel_1,angle_1,id_2,type_2,color_2,x_2,y_2,x_vel_2,y_vel_2,angle_2,kind,id_1,type_1,color_1,x_1,y_1,x_vel_1,y_vel_1,angle_1,id_2,type_2,color_2,x_2,y_2,x_vel_2,y_vel_2,angle_2,kind,id_1,type_1,color_1,x_1,y_1,x_vel_1,y_vel_1,angle_1,id_2,type_2,color_2,x_2,y_2,x_vel_2,y_vel_2,angle_2,kind,id_1,type_1,color_1,x_1,y_1,x_vel_1,y_vel_1,angle_1,id_2,type_2,color_2,x_2,y_2,x_vel_2,y_vel_2,angle_2,kind,id_1,type_1,color_1,x_1,y_1,x_vel_1,y_vel_1,angle_1,id_2,type_2,color_2,x_2,y_2,x_vel_2,y_vel_2,angle_2,kind,id_1,type_1,color_1,x_1,y_1,x_vel_1,y_vel_1,angle_1,id_2,type_2,color_2,x_2,y_2,x_vel_2,y_vel_2,angle_2,kind,id_1,type_1,color_1,x_1,y_1,x_vel_1,y_vel_1,angle_1,id_2,type_2,color_2,x_2,y_2,x_vel_2,y_vel_2,angle_2,kind,id_1,type_1,color_1,x_1,y_1,x_vel_1,y_vel_1,angle_1,id_2,type_2,color_2,x_2,y_2,x_vel_2,y_vel_2,angle_2,kind,id_1,type_1,color_1,x_1,y_1,x_vel_1,y_vel_1,angle_1,id_2,type_2,color_2,x_2,y_2,x_vel_2,y_vel_2,angle_2,kind,id_1,type_1,color_1,x_1,y_1,x_vel_1,y_vel_1,angle_1,id_2,type_2,color_2,x_2,y_2,x_vel_2,y_vel_2,angle_2,kind,id_1,type_1,color_1,x_1,y_1,x_vel_1,y_vel_1,angle_1,id_2,type_2,color_2,x_2,y_2,x_vel_2,y_vel_2,angle_2,kind,id_1,type_1,color_1,x_1,y_1,x_vel_1,y_vel_1,angle_1,id_2,type_2,color_2,x_2,y_2,x_vel_2,y_vel_2,angle_2,kind,id_1,type_1,color_1,x_1,y_1,x_vel_1,y_vel_1,angle_1,id_2,type_2,color_2,x_2,y_2,x_vel_2,y_vel_2,angle_2,kind,id_1,type_1,color_1,x_1,y_1,x_vel_1,y_vel_1,angle_1,id_2,type_2,color_2,x_2,y_2,x_vel_2,y_vel_2,angle_2,kind,id_1,type_1,color_1,x_1,y_1,x_vel_1,y_vel_1,angle_1,id_2,type_2,color_2,x_2,y_2,x_vel_2,y_vel_2,angle_2,kind,id_1,type_1,color_1,x_1,y_1,x_vel_1,y_vel_1,angle_1,id_2,type_2,color_2,x_2,y_2,x_vel_2,y_vel_2,angle_2,kind,id_1,type_1,color_1,x_1,y_1,x_vel_1,y_vel_1,angle_1,id_2,type_2,color_2,x_2,y_2,x_vel_2,y_vel_2,angle_2,kind,id_1,type_1,color_1,x_1,y_1,x_vel_1,y_vel_1,angle_1,id_2,type_2,color_2,x_2,y_2,x_vel_2,y_vel_2,angle_2,kind,id_1,type_1,color_1,x_1,y_1,x_vel_1,y_vel_1,angle_1,id_2,type_2,color_2,x_2,y_2,x_vel_2,y_vel_2,angle_2,kind,id_1,type_1,color_1,x_1,y_1,x_vel_1,y_vel_1,angle_1,id_2,type_2,color_2,x_2,y_2,x_vel_2,y_vel_2,angle_2,kind,id_1,type_1,color_1,x_1,y_1,x_vel_1,y_vel_1,angle_1,id_2,type_2,color_2,x_2,y_2,x_vel_2,y_vel_2,angle_2,kind,id_1,type_1,color_1,x_1,y_1,x_vel_1,y_vel_1,angle_1,id_2,type_2,color_2,x_2,y_2,x_vel_2,y_vel_2,angle_2,kind,id_1,type_1,color_1,x_1,y_1,x_vel_1,y_vel_1,angle_1,id_2,type_2,color_2,x_2,y_2,x_vel_2,y_vel_2,angle_2,kind,id_1,type_1,color_1,x_1,y_1,x_vel_1,y_vel_1,angle_1,id_2,type_2,color_2,x_2,y_2,x_vel_2,y_vel_2,angle_2,kind,id_1,type_1,color_1,x_1,y_1,x_vel_1,y_vel_1,angle_1,id_2,type_2,color_2,x_2,y_2,x_vel_2,y_vel_2,angle_2,kind,id_1,type_1,color_1,x_1,y_1,x_vel_1,y_vel_1,angle_1,id_2,type_2,color_2,x_2,y_2,x_vel_2,y_vel_2,angle_2,kind,id_1,type_1,color_1,x_1,y_1,x_vel_1,y_vel_1,angle_1,id_2,type_2,color_2,x_2,y_2,x_vel_2,y_vel_2,angle_2,kind,id_1,type_1,color_1,x_1,y_1,x_vel_1,y_vel_1,angle_1,id_2,type_2,color_2,x_2,y_2,x_vel_2,y_vel_2,angle_2,kind,id_1,type_1,color_1,x_1,y_1,x_vel_1,y_vel_1,angle_1,id_2,type_2,color_2,x_2,y_2,x_vel_2,y_vel_2,angle_2,kind,id_1,type_1,color_1,x_1,y_1,x_vel_1,y_vel_1,angle_1,id_2,type_2,color_2,x_2,y_2,x_vel_2,y_vel_2,angle_2,kind,id_1,type_1,color_1,x_1,y_1,x_vel_1,y_vel_1,angle_1,id_2,type_2,color_2,x_2,y_2,x_vel_2,y_vel_2,angle_2,kind,id_1,type_1,color_1,x_1,y_1,x_vel_1,y_vel_1,angle_1,id_2,type_2,color_2,x_2,y_2,x_vel_2,y_vel_2,angle_2,kind,id_1,type_1,color_1,x_1,y_1,x_vel_1,y_vel_1,angle_1,id_2,type_2,color_2,x_2,y_2,x_vel_2,y_vel_2,angle_2,kind,id_1,type_1,color_1,x_1,y_1,x_vel_1,y_vel_1,angle_1,id_2,type_2,color_2,x_2,y_2,x_vel_2,y_vel_2,angle_2,kind,id_1,type_1,color_1,x_1,y_1,x_vel_1,y_vel_1,angle_1,id_2,type_2,color_2,x_2,y_2,x_vel_2,y_vel_2,angle_2,kind,id_1,type_1,color_1,x_1,y_1,x_vel_1,y_vel_1,angle_1,id_2,type_2,color_2,x_2,y_2,x_vel_2,y_vel_2,angle_2,kind,id_1,type_1,color_1,x_1,y_1,x_vel_1,y_vel_1,angle_1,id_2,type_2,color_2,x_2,y_2,x_vel_2,y_vel_2,angle_2,kind,id_1,type_1,color_1,x_1,y_1,x_vel_1,y_vel_1,angle_1,id_2,type_2,color_2,x_2,y_2,x_vel_2,y_vel_2,angle_2,kind,id_1,type_1,color_1,x_1,y_1,x_vel_1,y_vel_1,angle_1,id_2,type_2,color_2,x_2,y_2,x_vel_2,y_vel_2,angle_2,kind,id_1,type_1,color_1,x_1,y_1,x_vel_1,y_vel_1,angle_1,id_2,type_2,color_2,x_2,y_2,x_vel_2,y_vel_2,angle_2,kind,id_1,type_1,color_1,x_1,y_1,x_vel_1,y_vel_1,angle_1,id_2,type_2,color_2,x_2,y_2,x_vel_2,y_vel_2,angle_2,kind,id_1,type_1,color_1,x_1,y_1,x_vel_1,y_vel_1,angle_1,id_2,type_2,color_2,x_2,y_2,x_vel_2,y_vel_2,angle_2,kind,id_1,type_1,color_1,x_1,y_1,x_vel_1,y_vel_1,angle_1,id_2,type_2,color_2,x_2,y_2,x_vel_2,y_vel_2,angle_2,kind,id_1,type_1,color_1,x_1,y_1,x_vel_1,y_vel_1,angle_1,id_2,type_2,color_2,x_2,y_2,x_vel_2,y_vel_2,angle_2,kind,id_1,type_1,color_1,x_1,y_1,x_vel_1,y_vel_1,angle_1,id_2,type_2,color_2,x_2,y_2,x_vel_2,y_vel_2,angle_2,kind,id_1,type_1,color_1,x_1,y_1,x_vel_1,y_vel_1,angle_1,id_2,type_2,color_2,x_2,y_2,x_vel_2,y_vel_2,angle_2,kind,id_1,type_1,color_1,x_1,y_1,x_vel_1,y_vel_1,angle_1,id_2,type_2,color_2,x_2,y_2,x_vel_2,y_vel_2,angle_2,kind,id_1,type_1,color_1,x_1,y_1,x_vel_1,y_vel_1,angle_1,id_2,type_2,color_2,x_2,y_2,x_vel_2,y_vel_2,angle_2,kind,id_1,type_1,color_1,x_1,y_1,x_vel_1,y_vel_1,angle_1,id_2,type_2,color_2,x_2,y_2,x_vel_2,y_vel_2,angle_2,kind,id_1,type_1,color_1,x_1,y_1,x_vel_1,y_vel_1,angle_1,id_2,type_2,color_2,x_2,y_2,x_vel_2,y_vel_2,angle_2,kind,id_1,type_1,color_1,x_1,y_1,x_vel_1,y_vel_1,angle_1,id_2,type_2,color_2,x_2,y_2,x_vel_2,y_vel_2,angle_2,kind,id_1,type_1,color_1,x_1,y_1,x_vel_1,y_vel_1,angle_1,id_2,type_2,color_2,x_2,y_2,x_vel_2,y_vel_2,angle_2,kind,id_1,type_1,color_1,x_1,y_1,x_vel_1,y_vel_1,angle_1,id_2,type_2,color_2,x_2,y_2,x_vel_2,y_vel_2,angle_2,kind,id_1,type_1,color_1,x_1,y_1,x_vel_1,y_vel_1,angle_1,id_2,type_2,color_2,x_2,y_2,x_vel_2,y_vel_2,angle_2,kind,id_1,type_1,color_1,x_1,y_1,x_vel_1,y_vel_1,angle_1,id_2,type_2,color_2,x_2,y_2,x_vel_2,y_vel_2,angle_2,kind,id_1,type_1,color_1,x_1,y_1,x_vel_1,y_vel_1,angle_1,id_2,type_2,color_2,x_2,y_2,x_vel_2,y_vel_2,angle_2,kind,id_1,type_1,color_1,x_1,y_1,x_vel_1,y_vel_1,angle_1,id_2,type_2,color_2,x_2,y_2,x_vel_2,y_vel_2,angle_2,kind,id_1,type_1,color_1,x_1,y_1,x_vel_1,y_vel_1,angle_1,id_2,type_2,color_2,x_2,y_2,x_vel_2,y_vel_2,angle_2,kind,id_1,type_1,color_1,x_1,y_1,x_vel_1,y_vel_1,angle_1,id_2,type_2,color_2,x_2,y_2,x_vel_2,y_vel_2,angle_2,kind,id_1,type_1,color_1,x_1,y_1,x_vel_1,y_vel_1,angle_1,id_2,type_2,color_2,x_2,y_2,x_vel_2,y_vel_2,angle_2,kind,id_1,type_1,color_1,x_1,y_1,x_vel_1,y_vel_1,angle_1,id_2,type_2,color_2,x_2,y_2,x_vel_2,y_vel_2,angle_2,kind,id_1,type_1,color_1,x_1,y_1,x_vel_1,y_vel_1,angle_1,id_2,type_2,color_2,x_2,y_2,x_vel_2,y_vel_2,angle_2,kind,id_1,type_1,color_1,x_1,y_1,x_vel_1,y_vel_1,angle_1,id_2,type_2,color_2,x_2,y_2,x_vel_2,y_vel_2,angle_2,kind,id_1,type_1,color_1,x_1,y_1,x_vel_1,y_vel_1,angle_1,id_2,type_2,color_2,x_2,y_2,x_vel_2,y_vel_2,angle_2,kind,id_1,type_1,color_1,x_1,y_1,x_vel_1,y_vel_1,angle_1,id_2,type_2,color_2,x_2,y_2,x_vel_2,y_vel_2,angle_2,kind,id_1,type_1,color_1,x_1,y_1,x_vel_1,y_vel_1,angle_1,id_2,type_2,color_2,x_2,y_2,x_vel_2,y_vel_2,angle_2,kind,id_1,type_1,color_1,x_1,y_1,x_vel_1,y_vel_1,angle_1,id_2,type_2,color_2,x_2,y_2,x_vel_2,y_vel_2,angle_2,kind,id_1,type_1,color_1,x_1,y_1,x_vel_1,y_vel_1,angle_1,id_2,type_2,color_2,x_2,y_2,x_vel_2,y_vel_2,angle_2,kind,id_1,type_1,color_1,x_1,y_1,x_vel_1,y_vel_1,angle_1,id_2,type_2,color_2,x_2,y_2,x_vel_2,y_vel_2,angle_2,kind,id_1,type_1,color_1,x_1,y_1,x_vel_1,y_vel_1,angle_1,id_2,type_2,color_2,x_2,y_2,x_vel_2,y_vel_2,angle_2,kind,id_1,type_1,color_1,x_1,y_1,x_vel_1,y_vel_1,angle_1,id_2,type_2,color_2,x_2,y_2,x_vel_2,y_vel_2,angle_2,kind,id_1,type_1,color_1,x_1,y_1,x_vel_1,y_vel_1,angle_1,id_2,type_2,color_2,x_2,y_2,x_vel_2,y_vel_2,angle_2,kind,id_1,type_1,color_1,x_1,y_1,x_vel_1,y_vel_1,angle_1,id_2,type_2,color_2,x_2,y_2,x_vel_2,y_vel_2,angle_2,kind,id_1,type_1,color_1,x_1,y_1,x_vel_1,y_vel_1,angle_1,id_2,type_2,color_2,x_2,y_2,x_vel_2,y_vel_2,angle_2,kind,id_1,type_1,color_1,x_1,y_1,x_vel_1,y_vel_1,angle_1,id_2,type_2,color_2,x_2,y_2,x_vel_2,y_vel_2,angle_2,kind,id_1,type_1,color_1,x_1,y_1,x_vel_1,y_vel_1,angle_1,id_2,type_2,color_2,x_2,y_2,x_vel_2,y_vel_2,angle_2,kind,id_1,type_1,color_1,x_1,y_1,x_vel_1,y_vel_1,angle_1,id_2,type_2,color_2,x_2,y_2,x_vel_2,y_vel_2,angle_2,kind,id_1,type_1,color_1,x_1,y_1,x_vel_1,y_vel_1,angle_1,id_2,type_2,color_2,x_2,y_2,x_vel_2,y_vel_2,angle_2,kind,id_1,type_1,color_1,x_1,y_1,x_vel_1,y_vel_1,angle_1,id_2,type_2,color_2,x_2,y_2,x_vel_2,y_vel_2,angle_2,kind,id_1,type_1,color_1,x_1,y_1,x_vel_1,y_vel_1,angle_1,id_2,type_2,color_2,x_2,y_2,x_vel_2,y_vel_2,angle_2,kind,id_1,type_1,color_1,x_1,y_1,x_vel_1,y_vel_1,angle_1,id_2,type_2,color_2,x_2,y_2,x_vel_2,y_vel_2,angle_2,kind,id_1,type_1,color_1,x_1,y_1,x_vel_1,y_vel_1,angle_1,id_2,type_2,color_2,x_2,y_2,x_vel_2,y_vel_2,angle_2,kind,id_1,type_1,color_1,x_1,y_1,x_vel_1,y_vel_1,angle_1,id_2,type_2,color_2,x_2,y_2,x_vel_2,y_vel_2,angle_2,kind,id_1,type_1,color_1,x_1,y_1,x_vel_1,y_vel_1,angle_1,id_2,type_2,color_2,x_2,y_2,x_vel_2,y_vel_2,angle_2,kind,id_1,type_1,color_1,x_1,y_1,x_vel_1,y_vel_1,angle_1,id_2,type_2,color_2,x_2,y_2,x_vel_2,y_vel_2,angle_2,kind,id_1,type_1,color_1,x_1,y_1,x_vel_1,y_vel_1,angle_1,id_2,type_2,color_2,x_2,y_2,x_vel_2,y_vel_2,angle_2,kind,id_1,type_1,color_1,x_1,y_1,x_vel_1,y_vel_1,angle_1,id_2,type_2,color_2,x_2,y_2,x_vel_2,y_vel_2,angle_2,kind,id_1,type_1,color_1,x_1,y_1,x_vel_1,y_vel_1,angle_1,id_2,type_2,color_2,x_2,y_2,x_vel_2,y_vel_2,angle_2,kind,id_1,type_1,color_1,x_1,y_1,x_vel_1,y_vel_1,angle_1,id_2,type_2,color_2,x_2,y_2,x_vel_2,y_vel_2,angle_2,kind,id_1,type_1,color_1,x_1,y_1,x_vel_1,y_vel_1,angle_1,id_2,type_2,color_2,x_2,y_2,x_vel_2,y_vel_2,angle_2,kind,id_1,type_1,color_1,x_1,y_1,x_vel_1,y_vel_1,angle_1,id_2,type_2,color_2,x_2,y_2,x_vel_2,y_vel_2,angle_2,kind,id_1,type_1,color_1,x_1,y_1,x_vel_1,y_vel_1,angle_1,id_2,type_2,color_2,x_2,y_2,x_vel_2,y_vel_2,angle_2,kind,id_1,type_1,color_1,x_1,y_1,x_vel_1,y_vel_1,angle_1,id_2,type_2,color_2,x_2,y_2,x_vel_2,y_vel_2,angle_2,kind,id_1,type_1,color_1,x_1,y_1,x_vel_1,y_vel_1,angle_1,id_2,type_2,color_2,x_2,y_2,x_vel_2,y_vel_2,angle_2,kind,id_1,type_1,color_1,x_1,y_1,x_vel_1,y_vel_1,angle_1,id_2,type_2,color_2,x_2,y_2,x_vel_2,y_vel_2,angle_2,kind,id_1,type_1,color_1,x_1,y_1,x_vel_1,y_vel_1,angle_1,id_2,type_2,color_2,x_2,y_2,x_vel_2,y_vel_2,angle_2,kind,id_1,type_1,color_1,x_1,y_1,x_vel_1,y_vel_1,angle_1,id_2,type_2,color_2,x_2,y_2,x_vel_2,y_vel_2,angle_2,kind,id_1,type_1,color_1,x_1,y_1,x_vel_1,y_vel_1,angle_1,id_2,type_2,color_2,x_2,y_2,x_vel_2,y_vel_2,angle_2,kind,id_1,type_1,color_1,x_1,y_1,x_vel_1,y_vel_1,angle_1,id_2,type_2,color_2,x_2,y_2,x_vel_2,y_vel_2,angle_2,kind,id_1,type_1,color_1,x_1,y_1,x_vel_1,y_vel_1,angle_1,id_2,type_2,color_2,x_2,y_2,x_vel_2,y_vel_2,angle_2,kind,id_1,type_1,color_1,x_1,y_1,x_vel_1,y_vel_1,angle_1,id_2,type_2,color_2,x_2,y_2,x_vel_2,y_vel_2,angle_2,kind,id_1,type_1,color_1,x_1,y_1,x_vel_1,y_vel_1,angle_1,id_2,type_2,color_2,x_2,y_2,x_vel_2,y_vel_2,angle_2,kind,id_1,type_1,color_1,x_1,y_1,x_vel_1,y_vel_1,angle_1,id_2,type_2,color_2,x_2,y_2,x_vel_2,y_vel_2,angle_2,kind,id_1,type_1,color_1,x_1,y_1,x_vel_1,y_vel_1,angle_1,id_2,type_2,color_2,x_2,y_2,x_vel_2,y_vel_2,angle_2,kind,id_1,type_1,color_1,x_1,y_1,x_vel_1,y_vel_1,angle_1,id_2,type_2,color_2,x_2,y_2,x_vel_2,y_vel_2,angle_2,kind,id_1,type_1,color_1,x_1,y_1,x_vel_1,y_vel_1,angle_1,id_2,type_2,color_2,x_2,y_2,x_vel_2,y_vel_2,angle_2,kind,id_1,type_1,color_1,x_1,y_1,x_vel_1,y_vel_1,angle_1,id_2,type_2,color_2,x_2,y_2,x_vel_2,y_vel_2,angle_2,kind,id_1,type_1,color_1,x_1,y_1,x_vel_1,y_vel_1,angle_1,id_2,type_2,color_2,x_2,y_2,x_vel_2,y_vel_2,angle_2,kind,id_1,type_1,color_1,x_1,y_1,x_vel_1,y_vel_1,angle_1,id_2,type_2,color_2,x_2,y_2,x_vel_2,y_vel_2,angle_2,kind,id_1,type_1,color_1,x_1,y_1,x_vel_1,y_vel_1,angle_1,id_2,type_2,color_2,x_2,y_2,x_vel_2,y_vel_2,angle_2,kind,id_1,type_1,color_1,x_1,y_1,x_vel_1,y_vel_1,angle_1,id_2,type_2,color_2,x_2,y_2,x_vel_2,y_vel_2,angle_2,kind,id_1,type_1,color_1,x_1,y_1,x_vel_1,y_vel_1,angle_1,id_2,type_2,color_2,x_2,y_2,x_vel_2,y_vel_2,angle_2,kind,id_1,type_1,color_1,x_1,y_1,x_vel_1,y_vel_1,angle_1,id_2,type_2,color_2,x_2,y_2,x_vel_2,y_vel_2,angle_2,kind,id_1,type_1,color_1,x_1,y_1,x_vel_1,y_vel_1,angle_1,id_2,type_2,color_2,x_2,y_2,x_vel_2,y_vel_2,angle_2,kind,id_1,type_1,color_1,x_1,y_1,x_vel_1,y_vel_1,angle_1,id_2,type_2,color_2,x_2,y_2,x_vel_2,y_vel_2,angle_2,kind,id_1,type_1,color_1,x_1,y_1,x_vel_1,y_vel_1,angle_1,id_2,type_2,color_2,x_2,y_2,x_vel_2,y_vel_2,angle_2,kind,id_1,type_1,color_1,x_1,y_1,x_vel_1,y_vel_1,angle_1,id_2,type_2,color_2,x_2,y_2,x_vel_2,y_vel_2,angle_2,kind,id_1,type_1,color_1,x_1,y_1,x_vel_1,y_vel_1,angle_1,id_2,type_2,color_2,x_2,y_2,x_vel_2,y_vel_2,angle_2,kind,id_1,type_1,color_1,x_1,y_1,x_vel_1,y_vel_1,angle_1,id_2,type_2,color_2,x_2,y_2,x_vel_2,y_vel_2,angle_2,kind,id_1,type_1,color_1,x_1,y_1,x_vel_1,y_vel_1,angle_1,id_2,type_2,color_2,x_2,y_2,x_vel_2,y_vel_2,angle_2,kind,id_1,type_1,color_1,x_1,y_1,x_vel_1,y_vel_1,angle_1,id_2,type_2,color_2,x_2,y_2,x_vel_2,y_vel_2,angle_2,kind,id_1,type_1,color_1,x_1,y_1,x_vel_1,y_vel_1,angle_1,id_2,type_2,color_2,x_2,y_2,x_vel_2,y_vel_2,angle_2,kind,id_1,type_1,color_1,x_1,y_1,x_vel_1,y_vel_1,angle_1,id_2,type_2,color_2,x_2,y_2,x_vel_2,y_vel_2,angle_2,kind,id_1,type_1,color_1,x_1,y_1,x_vel_1,y_vel_1,angle_1,id_2,type_2,color_2,x_2,y_2,x_vel_2,y_vel_2,angle_2,kind,id_1,type_1,color_1,x_1,y_1,x_vel_1,y_vel_1,angle_1,id_2,type_2,color_2,x_2,y_2,x_vel_2,y_vel_2,angle_2,kind,id_1,type_1,color_1,x_1,y_1,x_vel_1,y_vel_1,angle_1,id_2,type_2,color_2,x_2,y_2,x_vel_2,y_vel_2,angle_2,kind,id_1,type_1,color_1,x_1,y_1,x_vel_1,y_vel_1,angle_1,id_2,type_2,color_2,x_2,y_2,x_vel_2,y_vel_2,angle_2,kind,id_1,type_1,color_1,x_1,y_1,x_vel_1,y_vel_1,angle_1,id_2,type_2,color_2,x_2,y_2,x_vel_2,y_vel_2,angle_2,kind,id_1,type_1,color_1,x_1,y_1,x_vel_1,y_vel_1,angle_1,id_2,type_2,color_2,x_2,y_2,x_vel_2,y_vel_2,angle_2,kind,id_1,type_1,color_1,x_1,y_1,x_vel_1,y_vel_1,angle_1,id_2,type_2,color_2,x_2,y_2,x_vel_2,y_vel_2,angle_2,kind,id_1,type_1,color_1,x_1,y_1,x_vel_1,y_vel_1,angle_1,id_2,type_2,color_2,x_2,y_2,x_vel_2,y_vel_2,angle_2,kind,id_1,type_1,color_1,x_1,y_1,x_vel_1,y_vel_1,angle_1,id_2,type_2,color_2,x_2,y_2,x_vel_2,y_vel_2,angle_2,kind,id_1,type_1,color_1,x_1,y_1,x_vel_1,y_vel_1,angle_1,id_2,type_2,color_2,x_2,y_2,x_vel_2,y_vel_2,angle_2,kind,id_1,type_1,color_1,x_1,y_1,x_vel_1,y_vel_1,angle_1,id_2,type_2,color_2,x_2,y_2,x_vel_2,y_vel_2,angle_2,kind,id_1,type_1,color_1,x_1,y_1,x_vel_1,y_vel_1,angle_1,id_2,type_2,color_2,x_2,y_2,x_vel_2,y_vel_2,angle_2,kind,id_1,type_1,color_1,x_1,y_1,x_vel_1,y_vel_1,angle_1,id_2,type_2,color_2,x_2,y_2,x_vel_2,y_vel_2,angle_2,kind,id_1,type_1,color_1,x_1,y_1,x_vel_1,y_vel_1,angle_1,id_2,type_2,color_2,x_2,y_2,x_vel_2,y_vel_2,angle_2,kind,id_1,type_1,color_1,x_1,y_1,x_vel_1,y_vel_1,angle_1,id_2,type_2,color_2,x_2,y_2,x_vel_2,y_vel_2,angle_2,kind,id_1,type_1,color_1,x_1,y_1,x_vel_1,y_vel_1,angle_1,id_2,type_2,color_2,x_2,y_2,x_vel_2,y_vel_2,angle_2,kind,id_1,type_1,color_1,x_1,y_1,x_vel_1,y_vel_1,angle_1,id_2,type_2,color_2,x_2,y_2,x_vel_2,y_vel_2,angle_2,kind,id_1,type_1,color_1,x_1,y_1,x_vel_1,y_vel_1,angle_1,id_2,type_2,color_2,x_2,y_2,x_vel_2,y_vel_2,angle_2,kind,id_1,type_1,color_1,x_1,y_1,x_vel_1,y_vel_1,angle_1,id_2,type_2,color_2,x_2,y_2,x_vel_2,y_vel_2,angle_2,kind,id_1,type_1,color_1,x_1,y_1,x_vel_1,y_vel_1,angle_1,id_2,type_2,color_2,x_2,y_2,x_vel_2,y_vel_2,angle_2,kind,id_1,type_1,color_1,x_1,y_1,x_vel_1,y_vel_1,angle_1,id_2,type_2,color_2,x_2,y_2,x_vel_2,y_vel_2,angle_2,kind,id_1,type_1,color_1,x_1,y_1,x_vel_1,y_vel_1,angle_1,id_2,type_2,color_2,x_2,y_2,x_vel_2,y_vel_2,angle_2,kind,id_1,type_1,color_1,x_1,y_1,x_vel_1,y_vel_1,angle_1,id_2,type_2,color_2,x_2,y_2,x_vel_2,y_vel_2,angle_2,kind,id_1,type_1,color_1,x_1,y_1,x_vel_1,y_vel_1,angle_1,id_2,type_2,color_2,x_2,y_2,x_vel_2,y_vel_2,angle_2,kind,id_1,type_1,color_1,x_1,y_1,x_vel_1,y_vel_1,angle_1,id_2,type_2,color_2,x_2,y_2,x_vel_2,y_vel_2,angle_2,kind,id_1,type_1,color_1,x_1,y_1,x_vel_1,y_vel_1,angle_1,id_2,type_2,color_2,x_2,y_2,x_vel_2,y_vel_2,angle_2,kind,id_1,type_1,color_1,x_1,y_1,x_vel_1,y_vel_1,angle_1,id_2,type_2,color_2,x_2,y_2,x_vel_2,y_vel_2,angle_2,kind,id_1,type_1,color_1,x_1,y_1,x_vel_1,y_vel_1,angle_1,id_2,type_2,color_2,x_2,y_2,x_vel_2,y_vel_2,angle_2,kind,id_1,type_1,color_1,x_1,y_1,x_vel_1,y_vel_1,angle_1,id_2,type_2,color_2,x_2,y_2,x_vel_2,y_vel_2,angle_2,kind,id_1,type_1,color_1,x_1,y_1,x_vel_1,y_vel_1,angle_1,id_2,type_2,color_2,x_2,y_2,x_vel_2,y_vel_2,angle_2,kind,id_1,type_1,color_1,x_1,y_1,x_vel_1,y_vel_1,angle_1,id_2,type_2,color_2,x_2,y_2,x_vel_2,y_vel_2,angle_2,kind,id_1,type_1,color_1,x_1,y_1,x_vel_1,y_vel_1,angle_1,id_2,type_2,color_2,x_2,y_2,x_vel_2,y_vel_2,angle_2,kind,id_1,type_1,color_1,x_1,y_1,x_vel_1,y_vel_1,angle_1,id_2,type_2,color_2,x_2,y_2,x_vel_2,y_vel_2,angle_2,kind,id_1,type_1,color_1,x_1,y_1,x_vel_1,y_vel_1,angle_1,id_2,type_2,color_2,x_2,y_2,x_vel_2,y_vel_2,angle_2,kind,id_1,type_1,color_1,x_1,y_1,x_vel_1,y_vel_1,angle_1,id_2,type_2,color_2,x_2,y_2,x_vel_2,y_vel_2,angle_2,kind,id_1,type_1,color_1,x_1,y_1,x_vel_1,y_vel_1,angle_1,id_2,type_2,color_2,x_2,y_2,x_vel_2,y_vel_2,angle_2,kind,id_1,type_1,color_1,x_1,y_1,x_vel_1,y_vel_1,angle_1,id_2,type_2,color_2,x_2,y_2,x_vel_2,y_vel_2,angle_2,kind,id_1,type_1,color_1,x_1,y_1,x_vel_1,y_vel_1,angle_1,id_2,type_2,color_2,x_2,y_2,x_vel_2,y_vel_2,angle_2,kind,id_1,type_1,color_1,x_1,y_1,x_vel_1,y_vel_1,angle_1,id_2,type_2,color_2,x_2,y_2,x_vel_2,y_vel_2,angle_2,kind,id_1,type_1,color_1,x_1,y_1,x_vel_1,y_vel_1,angle_1,id_2,type_2,color_2,x_2,y_2,x_vel_2,y_vel_2,angle_2,kind,id_1,type_1,color_1,x_1,y_1,x_vel_1,y_vel_1,angle_1,id_2,type_2,color_2,x_2,y_2,x_vel_2,y_vel_2,angle_2,kind,id_1,type_1,color_1,x_1,y_1,x_vel_1,y_vel_1,angle_1,id_2,type_2,color_2,x_2,y_2,x_vel_2,y_vel_2,angle_2,kind,id_1,type_1,color_1,x_1,y_1,x_vel_1,y_vel_1,angle_1,id_2,type_2,color_2,x_2,y_2,x_vel_2,y_vel_2,angle_2,kind,id_1,type_1,color_1,x_1,y_1,x_vel_1,y_vel_1,angle_1,id_2,type_2,color_2,x_2,y_2,x_vel_2,y_vel_2,angle_2,kind,id_1,type_1,color_1,x_1,y_1,x_vel_1,y_vel_1,angle_1,id_2,type_2,color_2,x_2,y_2,x_vel_2,y_vel_2,angle_2,kind,id_1,type_1,color_1,x_1,y_1,x_vel_1,y_vel_1,angle_1,id_2,type_2,color_2,x_2,y_2,x_vel_2,y_vel_2,angle_2,kind,id_1,type_1,color_1,x_1,y_1,x_vel_1,y_vel_1,angle_1,id_2,type_2,color_2,x_2,y_2,x_vel_2,y_vel_2,angle_2,kind,id_1,type_1,color_1,x_1,y_1,x_vel_1,y_vel_1,angle_1,id_2,type_2,color_2,x_2,y_2,x_vel_2,y_vel_2,angle_2,kind,id_1,type_1,color_1,x_1,y_1,x_vel_1,y_vel_1,angle_1,id_2,type_2,color_2,x_2,y_2,x_vel_2,y_vel_2,angle_2,kind,id_1,type_1,color_1,x_1,y_1,x_vel_1,y_vel_1,angle_1,id_2,type_2,color_2,x_2,y_2,x_vel_2,y_vel_2,angle_2,kind,id_1,type_1,color_1,x_1,y_1,x_vel_1,y_vel_1,angle_1,id_2,type_2,color_2,x_2,y_2,x_vel_2,y_vel_2,angle_2,kind,id_1,type_1,color_1,x_1,y_1,x_vel_1,y_vel_1,angle_1,id_2,type_2,color_2,x_2,y_2,x_vel_2,y_vel_2,angle_2,kind,id_1,type_1,color_1,x_1,y_1,x_vel_1,y_vel_1,angle_1,id_2,type_2,color_2,x_2,y_2,x_vel_2,y_vel_2,angle_2,kind,id_1,type_1,color_1,x_1,y_1,x_vel_1,y_vel_1,angle_1,id_2,type_2,color_2,x_2,y_2,x_vel_2,y_vel_2,angle_2,kind,id_1,type_1,color_1,x_1,y_1,x_vel_1,y_vel_1,angle_1,id_2,type_2,color_2,x_2,y_2,x_vel_2,y_vel_2,angle_2,kind,id_1,type_1,color_1,x_1,y_1,x_vel_1,y_vel_1,angle_1,id_2,type_2,color_2,x_2,y_2,x_vel_2,y_vel_2,angle_2,kind,id_1,type_1,color_1,x_1,y_1,x_vel_1,y_vel_1,angle_1,id_2,type_2,color_2,x_2,y_2,x_vel_2,y_vel_2,angle_2,kind,id_1,type_1,color_1,x_1,y_1,x_vel_1,y_vel_1,angle_1,id_2,type_2,color_2,x_2,y_2,x_vel_2,y_vel_2,angle_2,kind,id_1,type_1,color_1,x_1,y_1,x_vel_1,y_vel_1,angle_1,id_2,type_2,color_2,x_2,y_2,x_vel_2,y_vel_2,angle_2,kind,id_1,type_1,color_1,x_1,y_1,x_vel_1,y_vel_1,angle_1,id_2,type_2,color_2,x_2,y_2,x_vel_2,y_vel_2,angle_2,kind,id_1,type_1,color_1,x_1,y_1,x_vel_1,y_vel_1,angle_1,id_2,type_2,color_2,x_2,y_2,x_vel_2,y_vel_2,angle_2,kind,id_1,type_1,color_1,x_1,y_1,x_vel_1,y_vel_1,angle_1,id_2,type_2,color_2,x_2,y_2,x_vel_2,y_vel_2,angle_2,kind,id_1,type_1,color_1,x_1,y_1,x_vel_1,y_vel_1,angle_1,id_2,type_2,color_2,x_2,y_2,x_vel_2,y_vel_2,angle_2,kind,id_1,type_1,color_1,x_1,y_1,x_vel_1,y_vel_1,angle_1,id_2,type_2,color_2,x_2,y_2,x_vel_2,y_vel_2,angle_2,kind,id_1,type_1,color_1,x_1,y_1,x_vel_1,y_vel_1,angle_1,id_2,type_2,color_2,x_2,y_2,x_vel_2,y_vel_2,angle_2,kind,id_1,type_1,color_1,x_1,y_1,x_vel_1,y_vel_1,angle_1,id_2,type_2,color_2,x_2,y_2,x_vel_2,y_vel_2,angle_2,kind,id_1,type_1,color_1,x_1,y_1,x_vel_1,y_vel_1,angle_1,id_2,type_2,color_2,x_2,y_2,x_vel_2,y_vel_2,angle_2,kind,id_1,type_1,color_1,x_1,y_1,x_vel_1,y_vel_1,angle_1,id_2,type_2,color_2,x_2,y_2,x_vel_2,y_vel_2,angle_2,kind,id_1,type_1,color_1,x_1,y_1,x_vel_1,y_vel_1,angle_1,id_2,type_2,color_2,x_2,y_2,x_vel_2,y_vel_2,angle_2,kind,id_1,type_1,color_1,x_1,y_1,x_vel_1,y_vel_1,angle_1,id_2,type_2,color_2,x_2,y_2,x_vel_2,y_vel_2,angle_2,kind,id_1,type_1,color_1,x_1,y_1,x_vel_1,y_vel_1,angle_1,id_2,type_2,color_2,x_2,y_2,x_vel_2,y_vel_2,angle_2,kind,id_1,type_1,color_1,x_1,y_1,x_vel_1,y_vel_1,angle_1,id_2,type_2,color_2,x_2,y_2,x_vel_2,y_vel_2,angle_2,kind,id_1,type_1,color_1,x_1,y_1,x_vel_1,y_vel_1,angle_1,id_2,type_2,color_2,x_2,y_2,x_vel_2,y_vel_2,angle_2,kind,id_1,type_1,color_1,x_1,y_1,x_vel_1,y_vel_1,angle_1,id_2,type_2,color_2,x_2,y_2,x_vel_2,y_vel_2,angle_2,kind,id_1,type_1,color_1,x_1,y_1,x_vel_1,y_vel_1,angle_1,id_2,type_2,color_2,x_2,y_2,x_vel_2,y_vel_2,angle_2,kind,id_1,type_1,color_1,x_1,y_1,x_vel_1,y_vel_1,angle_1,id_2,type_2,color_2,x_2,y_2,x_vel_2,y_vel_2,angle_2,kind,id_1,type_1,color_1,x_1,y_1,x_vel_1,y_vel_1,angle_1,id_2,type_2,color_2,x_2,y_2,x_vel_2,y_vel_2,angle_2,kind,id_1,type_1,color_1,x_1,y_1,x_vel_1,y_vel_1,angle_1,id_2,type_2,color_2,x_2,y_2,x_vel_2,y_vel_2,angle_2,kind,id_1,type_1,color_1,x_1,y_1,x_vel_1,y_vel_1,angle_1,id_2,type_2,color_2,x_2,y_2,x_vel_2,y_vel_2,angle_2,kind,id_1,type_1,color_1,x_1,y_1,x_vel_1,y_vel_1,angle_1,id_2,type_2,color_2,x_2,y_2,x_vel_2,y_vel_2,angle_2,kind,id_1,type_1,color_1,x_1,y_1,x_vel_1,y_vel_1,angle_1,id_2,type_2,color_2,x_2,y_2,x_vel_2,y_vel_2,angle_2,kind,id_1,type_1,color_1,x_1,y_1,x_vel_1,y_vel_1,angle_1,id_2,type_2,color_2,x_2,y_2,x_vel_2,y_vel_2,angle_2,kind,id_1,type_1,color_1,x_1,y_1,x_vel_1,y_vel_1,angle_1,id_2,type_2,color_2,x_2,y_2,x_vel_2,y_vel_2,angle_2,kind,id_1,type_1,color_1,x_1,y_1,x_vel_1,y_vel_1,angle_1,id_2,type_2,color_2,x_2,y_2,x_vel_2,y_vel_2,angle_2,kind,id_1,type_1,color_1,x_1,y_1,x_vel_1,y_vel_1,angle_1,id_2,type_2,color_2,x_2,y_2,x_vel_2,y_vel_2,angle_2,kind,id_1,type_1,color_1,x_1,y_1,x_vel_1,y_vel_1,angle_1,id_2,type_2,color_2,x_2,y_2,x_vel_2,y_vel_2,angle_2,kind,id_1,type_1,color_1,x_1,y_1,x_vel_1,y_vel_1,angle_1,id_2,type_2,color_2,x_2,y_2,x_vel_2,y_vel_2,angle_2,kind,id_1,type_1,color_1,x_1,y_1,x_vel_1,y_vel_1,angle_1,id_2,type_2,color_2,x_2,y_2,x_vel_2,y_vel_2,angle_2,kind,id_1,type_1,color_1,x_1,y_1,x_vel_1,y_vel_1,angle_1,id_2,type_2,color_2,x_2,y_2,x_vel_2,y_vel_2,angle_2,kind,id_1,type_1,color_1,x_1,y_1,x_vel_1,y_vel_1,angle_1,id_2,type_2,color_2,x_2,y_2,x_vel_2,y_vel_2,angle_2,kind,id_1,type_1,color_1,x_1,y_1,x_vel_1,y_vel_1,angle_1,id_2,type_2,color_2,x_2,y_2,x_vel_2,y_vel_2,angle_2,kind,id_1,type_1,color_1,x_1,y_1,x_vel_1,y_vel_1,angle_1,id_2,type_2,color_2,x_2,y_2,x_vel_2,y_vel_2,angle_2,kind,id_1,type_1,color_1,x_1,y_1,x_vel_1,y_vel_1,angle_1,id_2,type_2,color_2,x_2,y_2,x_vel_2,y_vel_2,angle_2,kind,id_1,type_1,color_1,x_1,y_1,x_vel_1,y_vel_1,angle_1,id_2,type_2,color_2,x_2,y_2,x_vel_2,y_vel_2,angle_2,kind,id_1,type_1,color_1,x_1,y_1,x_vel_1,y_vel_1,angle_1,id_2,type_2,color_2,x_2,y_2,x_vel_2,y_vel_2,angle_2,kind,id_1,type_1,color_1,x_1,y_1,x_vel_1,y_vel_1,angle_1,id_2,type_2,color_2,x_2,y_2,x_vel_2,y_vel_2,angle_2,kind,id_1,type_1,color_1,x_1,y_1,x_vel_1,y_vel_1,angle_1,id_2,type_2,color_2,x_2,y_2,x_vel_2,y_vel_2,angle_2,kind,id_1,type_1,color_1,x_1,y_1,x_vel_1,y_vel_1,angle_1,id_2,type_2,color_2,x_2,y_2,x_vel_2,y_vel_2,angle_2,kind,id_1,type_1,color_1,x_1,y_1,x_vel_1,y_vel_1,angle_1,id_2,type_2,color_2,x_2,y_2,x_vel_2,y_vel_2,angle_2,kind,id_1,type_1,color_1,x_1,y_1,x_vel_1,y_vel_1,angle_1,id_2,type_2,color_2,x_2,y_2,x_vel_2,y_vel_2,angle_2,kind,id_1,type_1,color_1,x_1,y_1,x_vel_1,y_vel_1,angle_1,id_2,type_2,color_2,x_2,y_2,x_vel_2,y_vel_2,angle_2,kind,id_1,type_1,color_1,x_1,y_1,x_vel_1,y_vel_1,angle_1,id_2,type_2,color_2,x_2,y_2,x_vel_2,y_vel_2,angle_2,kind,id_1,type_1,color_1,x_1,y_1,x_vel_1,y_vel_1,angle_1,id_2,type_2,color_2,x_2,y_2,x_vel_2,y_vel_2,angle_2,kind,id_1,type_1,color_1,x_1,y_1,x_vel_1,y_vel_1,angle_1,id_2,type_2,color_2,x_2,y_2,x_vel_2,y_vel_2,angle_2,kind,id_1,type_1,color_1,x_1,y_1,x_vel_1,y_vel_1,angle_1,id_2,type_2,color_2,x_2,y_2,x_vel_2,y_vel_2,angle_2,kind,id_1,type_1,color_1,x_1,y_1,x_vel_1,y_vel_1,angle_1,id_2,type_2,color_2,x_2,y_2,x_vel_2,y_vel_2,angle_2,kind,id_1,type_1,color_1,x_1,y_1,x_vel_1,y_vel_1,angle_1,id_2,type_2,color_2,x_2,y_2,x_vel_2,y_vel_2,angle_2,kind,id_1,type_1,color_1,x_1,y_1,x_vel_1,y_vel_1,angle_1,id_2,type_2,color_2,x_2,y_2,x_vel_2,y_vel_2,angle_2,kind,id_1,type_1,color_1,x_1,y_1,x_vel_1,y_vel_1,angle_1,id_2,type_2,color_2,x_2,y_2,x_vel_2,y_vel_2,angle_2,kind,id_1,type_1,color_1,x_1,y_1,x_vel_1,y_vel_1,angle_1,id_2,type_2,color_2,x_2,y_2,x_vel_2,y_vel_2,angle_2,kind,id_1,type_1,color_1,x_1,y_1,x_vel_1,y_vel_1,angle_1,id_2,type_2,color_2,x_2,y_2,x_vel_2,y_vel_2,angle_2,kind,id_1,type_1,color_1,x_1,y_1,x_vel_1,y_vel_1,angle_1,id_2,type_2,color_2,x_2,y_2,x_vel_2,y_vel_2,angle_2,kind,id_1,type_1,color_1,x_1,y_1,x_vel_1,y_vel_1,angle_1,id_2,type_2,color_2,x_2,y_2,x_vel_2,y_vel_2,angle_2,kind,id_1,type_1,color_1,x_1,y_1,x_vel_1,y_vel_1,angle_1,id_2,type_2,color_2,x_2,y_2,x_vel_2,y_vel_2,angle_2,kind,id_1,type_1,color_1,x_1,y_1,x_vel_1,y_vel_1,angle_1,id_2,type_2,color_2,x_2,y_2,x_vel_2,y_vel_2,angle_2,kind,id_1,type_1,color_1,x_1,y_1,x_vel_1,y_vel_1,angle_1,id_2,type_2,color_2,x_2,y_2,x_vel_2,y_vel_2,angle_2,kind,id_1,type_1,color_1,x_1,y_1,x_vel_1,y_vel_1,angle_1,id_2,type_2,color_2,x_2,y_2,x_vel_2,y_vel_2,angle_2,kind,id_1,type_1,color_1,x_1,y_1,x_vel_1,y_vel_1,angle_1,id_2,type_2,color_2,x_2,y_2,x_vel_2,y_vel_2,angle_2,kind,id_1,type_1,color_1,x_1,y_1,x_vel_1,y_vel_1,angle_1,id_2,type_2,color_2,x_2,y_2,x_vel_2,y_vel_2,angle_2,kind,id_1,type_1,color_1,x_1,y_1,x_vel_1,y_vel_1,angle_1,id_2,type_2,color_2,x_2,y_2,x_vel_2,y_vel_2,angle_2,kind,id_1,type_1,color_1,x_1,y_1,x_vel_1,y_vel_1,angle_1,id_2,type_2,color_2,x_2,y_2,x_vel_2,y_vel_2,angle_2,kind,id_1,type_1,color_1,x_1,y_1,x_vel_1,y_vel_1,angle_1,id_2,type_2,color_2,x_2,y_2,x_vel_2,y_vel_2,angle_2,kind,id_1,type_1,color_1,x_1,y_1,x_vel_1,y_vel_1,angle_1,id_2,type_2,color_2,x_2,y_2,x_vel_2,y_vel_2,angle_2,kind,id_1,type_1,color_1,x_1,y_1,x_vel_1,y_vel_1,angle_1,id_2,type_2,color_2,x_2,y_2,x_vel_2,y_vel_2,angle_2,kind,id_1,type_1,color_1,x_1,y_1,x_vel_1,y_vel_1,angle_1,id_2,type_2,color_2,x_2,y_2,x_vel_2,y_vel_2,angle_2,kind,id_1,type_1,color_1,x_1,y_1,x_vel_1,y_vel_1,angle_1,id_2,type_2,color_2,x_2,y_2,x_vel_2,y_vel_2,angle_2,kind,id_1,type_1,color_1,x_1,y_1,x_vel_1,y_vel_1,angle_1,id_2,type_2,color_2,x_2,y_2,x_vel_2,y_vel_2,angle_2,kind,id_1,type_1,color_1,x_1,y_1,x_vel_1,y_vel_1,angle_1,id_2,type_2,color_2,x_2,y_2,x_vel_2,y_vel_2,angle_2,kind,id_1,type_1,color_1,x_1,y_1,x_vel_1,y_vel_1,angle_1,id_2,type_2,color_2,x_2,y_2,x_vel_2,y_vel_2,angle_2,kind,id_1,type_1,color_1,x_1,y_1,x_vel_1,y_vel_1,angle_1,id_2,type_2,color_2,x_2,y_2,x_vel_2,y_vel_2,angle_2,kind,id_1,type_1,color_1,x_1,y_1,x_vel_1,y_vel_1,angle_1,id_2,type_2,color_2,x_2,y_2,x_vel_2,y_vel_2,angle_2,kind,id_1,type_1,color_1,x_1,y_1,x_vel_1,y_vel_1,angle_1,id_2,type_2,color_2,x_2,y_2,x_vel_2,y_vel_2,angle_2,kind,id_1,type_1,color_1,x_1,y_1,x_vel_1,y_vel_1,angle_1,id_2,type_2,color_2,x_2,y_2,x_vel_2,y_vel_2,angle_2,kind,id_1,type_1,color_1,x_1,y_1,x_vel_1,y_vel_1,angle_1,id_2,type_2,color_2,x_2,y_2,x_vel_2,y_vel_2,angle_2,kind,id_1,type_1,color_1,x_1,y_1,x_vel_1,y_vel_1,angle_1,id_2,type_2,color_2,x_2,y_2,x_vel_2,y_vel_2,angle_2,kind,id_1,type_1,color_1,x_1,y_1,x_vel_1,y_vel_1,angle_1,id_2,type_2,color_2,x_2,y_2,x_vel_2,y_vel_2,angle_2,kind,id_1,type_1,color_1,x_1,y_1,x_vel_1,y_vel_1,angle_1,id_2,type_2,color_2,x_2,y_2,x_vel_2,y_vel_2,angle_2,kind,id_1,type_1,color_1,x_1,y_1,x_vel_1,y_vel_1,angle_1,id_2,type_2,color_2,x_2,y_2,x_vel_2,y_vel_2,angle_2,kind,id_1,type_1,color_1,x_1,y_1,x_vel_1,y_vel_1,angle_1,id_2,type_2,color_2,x_2,y_2,x_vel_2,y_vel_2,angle_2,kind,id_1,type_1,color_1,x_1,y_1,x_vel_1,y_vel_1,angle_1,id_2,type_2,color_2,x_2,y_2,x_vel_2,y_vel_2,angle_2,kind,id_1,type_1,color_1,x_1,y_1,x_vel_1,y_vel_1,angle_1,id_2,type_2,color_2,x_2,y_2,x_vel_2,y_vel_2,angle_2,kind,id_1,type_1,color_1,x_1,y_1,x_vel_1,y_vel_1,angle_1,id_2,type_2,color_2,x_2,y_2,x_vel_2,y_vel_2,angle_2,kind,id_1,type_1,color_1,x_1,y_1,x_vel_1,y_vel_1,angle_1,id_2,type_2,color_2,x_2,y_2,x_vel_2,y_vel_2,angle_2,kind,id_1,type_1,color_1,x_1,y_1,x_vel_1,y_vel_1,angle_1,id_2,type_2,color_2,x_2,y_2,x_vel_2,y_vel_2,angle_2,kind,id_1,type_1,color_1,x_1,y_1,x_vel_1,y_vel_1,angle_1,id_2,type_2,color_2,x_2,y_2,x_vel_2,y_vel_2,angle_2,kind,id_1,type_1,color_1,x_1,y_1,x_vel_1,y_vel_1,angle_1,id_2,type_2,color_2,x_2,y_2,x_vel_2,y_vel_2,angle_2,kind,id_1,type_1,color_1,x_1,y_1,x_vel_1,y_vel_1,angle_1,id_2,type_2,color_2,x_2,y_2,x_vel_2,y_vel_2,angle_2,kind,id_1,type_1,color_1,x_1,y_1,x_vel_1,y_vel_1,angle_1,id_2,type_2,color_2,x_2,y_2,x_vel_2,y_vel_2,angle_2,kind,id_1,type_1,color_1,x_1,y_1,x_vel_1,y_vel_1,angle_1,id_2,type_2,color_2,x_2,y_2,x_vel_2,y_vel_2,angle_2,kind,id_1,type_1,color_1,x_1,y_1,x_vel_1,y_vel_1,angle_1,id_2,type_2,color_2,x_2,y_2,x_vel_2,y_vel_2,angle_2,kind,id_1,type_1,color_1,x_1,y_1,x_vel_1,y_vel_1,angle_1,id_2,type_2,color_2,x_2,y_2,x_vel_2,y_vel_2,angle_2,kind,id_1,type_1,color_1,x_1,y_1,x_vel_1,y_vel_1,angle_1,id_2,type_2,color_2,x_2,y_2,x_vel_2,y_vel_2,angle_2,kind,id_1,type_1,color_1,x_1,y_1,x_vel_1,y_vel_1,angle_1,id_2,type_2,color_2,x_2,y_2,x_vel_2,y_vel_2,angle_2,kind,id_1,type_1,color_1,x_1,y_1,x_vel_1,y_vel_1,angle_1,id_2,type_2,color_2,x_2,y_2,x_vel_2,y_vel_2,angle_2,kind,id_1,type_1,color_1,x_1,y_1,x_vel_1,y_vel_1,angle_1,id_2,type_2,color_2,x_2,y_2,x_vel_2,y_vel_2,angle_2,kind,id_1,type_1,color_1,x_1,y_1,x_vel_1,y_vel_1,angle_1,id_2,type_2,color_2,x_2,y_2,x_vel_2,y_vel_2,angle_2,kind,id_1,type_1,color_1,x_1,y_1,x_vel_1,y_vel_1,angle_1,id_2,type_2,color_2,x_2,y_2,x_vel_2,y_vel_2,angle_2,kind,id_1,type_1,color_1,x_1,y_1,x_vel_1,y_vel_1,angle_1,id_2,type_2,color_2,x_2,y_2,x_vel_2,y_vel_2,angle_2,kind,id_1,type_1,color_1,x_1,y_1,x_vel_1,y_vel_1,angle_1,id_2,type_2,color_2,x_2,y_2,x_vel_2,y_vel_2,angle_2,kind,id_1,type_1,color_1,x_1,y_1,x_vel_1,y_vel_1,angle_1,id_2,type_2,color_2,x_2,y_2,x_vel_2,y_vel_2,angle_2,kind,id_1,type_1,color_1,x_1,y_1,x_vel_1,y_vel_1,angle_1,id_2,type_2,color_2,x_2,y_2,x_vel_2,y_vel_2,angle_2,kind,id_1,type_1,color_1,x_1,y_1,x_vel_1,y_vel_1,angle_1,id_2,type_2,color_2,x_2,y_2,x_vel_2,y_vel_2,angle_2,kind,id_1,type_1,color_1,x_1,y_1,x_vel_1,y_vel_1,angle_1,id_2,type_2,color_2,x_2,y_2,x_vel_2,y_vel_2,angle_2,kind,id_1,type_1,color_1,x_1,y_1,x_vel_1,y_vel_1,angle_1,id_2,type_2,color_2,x_2,y_2,x_vel_2,y_vel_2,angle_2,kind,id_1,type_1,color_1,x_1,y_1,x_vel_1,y_vel_1,angle_1,id_2,type_2,color_2,x_2,y_2,x_vel_2,y_vel_2,angle_2,kind,id_1,type_1,color_1,x_1,y_1,x_vel_1,y_vel_1,angle_1,id_2,type_2,color_2,x_2,y_2,x_vel_2,y_vel_2,angle_2,kind,id_1,type_1,color_1,x_1,y_1,x_vel_1,y_vel_1,angle_1,id_2,type_2,color_2,x_2,y_2,x_vel_2,y_vel_2,angle_2,kind,id_1,type_1,color_1,x_1,y_1,x_vel_1,y_vel_1,angle_1,id_2,type_2,color_2,x_2,y_2,x_vel_2,y_vel_2,angle_2,kind,id_1,type_1,color_1,x_1,y_1,x_vel_1,y_vel_1,angle_1,id_2,type_2,color_2,x_2,y_2,x_vel_2,y_vel_2,angle_2,kind,id_1,type_1,color_1,x_1,y_1,x_vel_1,y_vel_1,angle_1,id_2,type_2,color_2,x_2,y_2,x_vel_2,y_vel_2,angle_2,kind,id_1,type_1,color_1,x_1,y_1,x_vel_1,y_vel_1,angle_1,id_2,type_2,color_2,x_2,y_2,x_vel_2,y_vel_2,angle_2,kind,id_1,type_1,color_1,x_1,y_1,x_vel_1,y_vel_1,angle_1,id_2,type_2,color_2,x_2,y_2,x_vel_2,y_vel_2,angle_2,kind,id_1,type_1,color_1,x_1,y_1,x_vel_1,y_vel_1,angle_1,id_2,type_2,color_2,x_2,y_2,x_vel_2,y_vel_2,angle_2,kind,id_1,type_1,color_1,x_1,y_1,x_vel_1,y_vel_1,angle_1,id_2,type_2,color_2,x_2,y_2,x_vel_2,y_vel_2,angle_2,kind,id_1,type_1,color_1,x_1,y_1,x_vel_1,y_vel_1,angle_1,id_2,type_2,color_2,x_2,y_2,x_vel_2,y_vel_2,angle_2,kind,id_1,type_1,color_1,x_1,y_1,x_vel_1,y_vel_1,angle_1,id_2,type_2,color_2,x_2,y_2,x_vel_2,y_vel_2,angle_2,kind,id_1,type_1,color_1,x_1,y_1,x_vel_1,y_vel_1,angle_1,id_2,type_2,color_2,x_2,y_2,x_vel_2,y_vel_2,angle_2,kind,id_1,type_1,color_1,x_1,y_1,x_vel_1,y_vel_1,angle_1,id_2,type_2,color_2,x_2,y_2,x_vel_2,y_vel_2,angle_2,kind,id_1,type_1,color_1,x_1,y_1,x_vel_1,y_vel_1,angle_1,id_2,type_2,color_2,x_2,y_2,x_vel_2,y_vel_2,angle_2,kind,id_1,type_1,color_1,x_1,y_1,x_vel_1,y_vel_1,angle_1,id_2,type_2,color_2,x_2,y_2,x_vel_2,y_vel_2,angle_2,kind,id_1,type_1,color_1,x_1,y_1,x_vel_1,y_vel_1,angle_1,id_2,type_2,color_2,x_2,y_2,x_vel_2,y_vel_2,angle_2,kind,id_1,type_1,color_1,x_1,y_1,x_vel_1,y_vel_1,angle_1,id_2,type_2,color_2,x_2,y_2,x_vel_2,y_vel_2,angle_2,kind,id_1,type_1,color_1,x_1,y_1,x_vel_1,y_vel_1,angle_1,id_2,type_2,color_2,x_2,y_2,x_vel_2,y_vel_2,angle_2,kind,id_1,type_1,color_1,x_1,y_1,x_vel_1,y_vel_1,angle_1,id_2,type_2,color_2,x_2,y_2,x_vel_2,y_vel_2,angle_2,kind,id_1,type_1,color_1,x_1,y_1,x_vel_1,y_vel_1,angle_1,id_2,type_2,color_2,x_2,y_2,x_vel_2,y_vel_2,angle_2,kind,id_1,type_1,color_1,x_1,y_1,x_vel_1,y_vel_1,angle_1,id_2,type_2,color_2,x_2,y_2,x_vel_2,y_vel_2,angle_2,kind,id_1,type_1,color_1,x_1,y_1,x_vel_1,y_vel_1,angle_1,id_2,type_2,color_2,x_2,y_2,x_vel_2,y_vel_2,angle_2,kind,id_1,type_1,color_1,x_1,y_1,x_vel_1,y_vel_1,angle_1,id_2,type_2,color_2,x_2,y_2,x_vel_2,y_vel_2,angle_2,kind,id_1,type_1,color_1,x_1,y_1,x_vel_1,y_vel_1,angle_1,id_2,type_2,color_2,x_2,y_2,x_vel_2,y_vel_2,angle_2,kind,id_1,type_1,color_1,x_1,y_1,x_vel_1,y_vel_1,angle_1,id_2,type_2,color_2,x_2,y_2,x_vel_2,y_vel_2,angle_2,kind,id_1,type_1,color_1,x_1,y_1,x_vel_1,y_vel_1,angle_1,id_2,type_2,color_2,x_2,y_2,x_vel_2,y_vel_2,angle_2,kind,id_1,type_1,color_1,x_1,y_1,x_vel_1,y_vel_1,angle_1,id_2,type_2,color_2,x_2,y_2,x_vel_2,y_vel_2,angle_2,kind,id_1,type_1,color_1,x_1,y_1,x_vel_1,y_vel_1,angle_1,id_2,type_2,color_2,x_2,y_2,x_vel_2,y_vel_2,angle_2,kind,id_1,type_1,color_1,x_1,y_1,x_vel_1,y_vel_1,angle_1,id_2,type_2,color_2,x_2,y_2,x_vel_2,y_vel_2,angle_2,kind,id_1,type_1,color_1,x_1,y_1,x_vel_1,y_vel_1,angle_1,id_2,type_2,color_2,x_2,y_2,x_vel_2,y_vel_2,angle_2,kind,id_1,type_1,color_1,x_1,y_1,x_vel_1,y_vel_1,angle_1,id_2,type_2,color_2,x_2,y_2,x_vel_2,y_vel_2,angle_2,kind,id_1,type_1,color_1,x_1,y_1,x_vel_1,y_vel_1,angle_1,id_2,type_2,color_2,x_2,y_2,x_vel_2,y_vel_2,angle_2,kind,id_1,type_1,color_1,x_1,y_1,x_vel_1,y_vel_1,angle_1,id_2,type_2,color_2,x_2,y_2,x_vel_2,y_vel_2,angle_2,kind,id_1,type_1,color_1,x_1,y_1,x_vel_1,y_vel_1,angle_1,id_2,type_2,color_2,x_2,y_2,x_vel_2,y_vel_2,angle_2,kind,id_1,type_1,color_1,x_1,y_1,x_vel_1,y_vel_1,angle_1,id_2,type_2,color_2,x_2,y_2,x_vel_2,y_vel_2,angle_2,kind,id_1,type_1,color_1,x_1,y_1,x_vel_1,y_vel_1,angle_1,id_2,type_2,color_2,x_2,y_2,x_vel_2,y_vel_2,angle_2,kind,id_1,type_1,color_1,x_1,y_1,x_vel_1,y_vel_1,angle_1,id_2,type_2,color_2,x_2,y_2,x_vel_2,y_vel_2,angle_2,kind,id_1,type_1,color_1,x_1,y_1,x_vel_1,y_vel_1,angle_1,id_2,type_2,color_2,x_2,y_2,x_vel_2,y_vel_2,angle_2,kind,id_1,type_1,color_1,x_1,y_1,x_vel_1,y_vel_1,angle_1,id_2,type_2,color_2,x_2,y_2,x_vel_2,y_vel_2,angle_2,kind,id_1,type_1,color_1,x_1,y_1,x_vel_1,y_vel_1,angle_1,id_2,type_2,color_2,x_2,y_2,x_vel_2,y_vel_2,angle_2,kind,id_1,type_1,color_1,x_1,y_1,x_vel_1,y_vel_1,angle_1,id_2,type_2,color_2,x_2,y_2,x_vel_2,y_vel_2,angle_2,kind,id_1,type_1,color_1,x_1,y_1,x_vel_1,y_vel_1,angle_1,id_2,type_2,color_2,x_2,y_2,x_vel_2,y_vel_2,angle_2,kind,id_1,type_1,color_1,x_1,y_1,x_vel_1,y_vel_1,angle_1,id_2,type_2,color_2,x_2,y_2,x_vel_2,y_vel_2,angle_2,kind,id_1,type_1,color_1,x_1,y_1,x_vel_1,y_vel_1,angle_1,id_2,type_2,color_2,x_2,y_2,x_vel_2,y_vel_2,angle_2,kind,id_1,type_1,color_1,x_1,y_1,x_vel_1,y_vel_1,angle_1,id_2,type_2,color_2,x_2,y_2,x_vel_2,y_vel_2,angle_2,kind,id_1,type_1,color_1,x_1,y_1,x_vel_1,y_vel_1,angle_1,id_2,type_2,color_2,x_2,y_2,x_vel_2,y_vel_2,angle_2,kind,id_1,type_1,color_1,x_1,y_1,x_vel_1,y_vel_1,angle_1,id_2,type_2,color_2,x_2,y_2,x_vel_2,y_vel_2,angle_2,kind,id_1,type_1,color_1,x_1,y_1,x_vel_1,y_vel_1,angle_1,id_2,type_2,color_2,x_2,y_2,x_vel_2,y_vel_2,angle_2,kind,id_1,type_1,color_1,x_1,y_1,x_vel_1,y_vel_1,angle_1,id_2,type_2,color_2,x_2,y_2,x_vel_2,y_vel_2,angle_2,kind,id_1,type_1,color_1,x_1,y_1,x_vel_1,y_vel_1,angle_1,id_2,type_2,color_2,x_2,y_2,x_vel_2,y_vel_2,angle_2,kind,id_1,type_1,color_1,x_1,y_1,x_vel_1,y_vel_1,angle_1,id_2,type_2,color_2,x_2,y_2,x_vel_2,y_vel_2,angle_2,kind,id_1,type_1,color_1,x_1,y_1,x_vel_1,y_vel_1,angle_1,id_2,type_2,color_2,x_2,y_2,x_vel_2,y_vel_2,angle_2,kind,id_1,type_1,color_1,x_1,y_1,x_vel_1,y_vel_1,angle_1,id_2,type_2,color_2,x_2,y_2,x_vel_2,y_vel_2,angle_2,kind,id_1,type_1,color_1,x_1,y_1,x_vel_1,y_vel_1,angle_1,id_2,type_2,color_2,x_2,y_2,x_vel_2,y_vel_2,angle_2,kind,id_1,type_1,color_1,x_1,y_1,x_vel_1,y_vel_1,angle_1,id_2,type_2,color_2,x_2,y_2,x_vel_2,y_vel_2,angle_2,kind,id_1,type_1,color_1,x_1,y_1,x_vel_1,y_vel_1,angle_1,id_2,type_2,color_2,x_2,y_2,x_vel_2,y_vel_2,angle_2,kind,id_1,type_1,color_1,x_1,y_1,x_vel_1,y_vel_1,angle_1,id_2,type_2,color_2,x_2,y_2,x_vel_2,y_vel_2,angle_2,kind,id_1,type_1,color_1,x_1,y_1,x_vel_1,y_vel_1,angle_1,id_2,type_2,color_2,x_2,y_2,x_vel_2,y_vel_2,angle_2,kind,id_1,type_1,color_1,x_1,y_1,x_vel_1,y_vel_1,angle_1,id_2,type_2,color_2,x_2,y_2,x_vel_2,y_vel_2,angle_2,kind,id_1,type_1,color_1,x_1,y_1,x_vel_1,y_vel_1,angle_1,id_2,type_2,color_2,x_2,y_2,x_vel_2,y_vel_2,angle_2,kind,id_1,type_1,color_1,x_1,y_1,x_vel_1,y_vel_1,angle_1,id_2,type_2,color_2,x_2,y_2,x_vel_2,y_vel_2,angle_2,kind,id_1,type_1,color_1,x_1,y_1,x_vel_1,y_vel_1,angle_1,id_2,type_2,color_2,x_2,y_2,x_vel_2,y_vel_2,angle_2,kind,id_1,type_1,color_1,x_1,y_1,x_vel_1,y_vel_1,angle_1,id_2,type_2,color_2,x_2,y_2,x_vel_2,y_vel_2,angle_2,kind,id_1,type_1,color_1,x_1,y_1,x_vel_1,y_vel_1,angle_1,id_2,type_2,color_2,x_2,y_2,x_vel_2,y_vel_2,angle_2,kind,id_1,type_1,color_1,x_1,y_1,x_vel_1,y_vel_1,angle_1,id_2,type_2,color_2,x_2,y_2,x_vel_2,y_vel_2,angle_2,kind,id_1,type_1,color_1,x_1,y_1,x_vel_1,y_vel_1,angle_1,id_2,type_2,color_2,x_2,y_2,x_vel_2,y_vel_2,angle_2,kind,id_1,type_1,color_1,x_1,y_1,x_vel_1,y_vel_1,angle_1,id_2,type_2,color_2,x_2,y_2,x_vel_2,y_vel_2,angle_2,kind,id_1,type_1,color_1,x_1,y_1,x_vel_1,y_vel_1,angle_1,id_2,type_2,color_2,x_2,y_2,x_vel_2,y_vel_2,angle_2,kind,id_1,type_1,color_1,x_1,y_1,x_vel_1,y_vel_1,angle_1,id_2,type_2,color_2,x_2,y_2,x_vel_2,y_vel_2,angle_2,kind,id_1,type_1,color_1,x_1,y_1,x_vel_1,y_vel_1,angle_1,id_2,type_2,color_2,x_2,y_2,x_vel_2,y_vel_2,angle_2,kind,id_1,type_1,color_1,x_1,y_1,x_vel_1,y_vel_1,angle_1,id_2,type_2,color_2,x_2,y_2,x_vel_2,y_vel_2,angle_2,kind,id_1,type_1,color_1,x_1,y_1,x_vel_1,y_vel_1,angle_1,id_2,type_2,color_2,x_2,y_2,x_vel_2,y_vel_2,angle_2,kind,id_1,type_1,color_1,x_1,y_1,x_vel_1,y_vel_1,angle_1,id_2,type_2,color_2,x_2,y_2,x_vel_2,y_vel_2,angle_2,kind,id_1,type_1,color_1,x_1,y_1,x_vel_1,y_vel_1,angle_1,id_2,type_2,color_2,x_2,y_2,x_vel_2,y_vel_2,angle_2,kind,id_1,type_1,color_1,x_1,y_1,x_vel_1,y_vel_1,angle_1,id_2,type_2,color_2,x_2,y_2,x_vel_2,y_vel_2,angle_2,kind,id_1,type_1,color_1,x_1,y_1,x_vel_1,y_vel_1,angle_1,id_2,type_2,color_2,x_2,y_2,x_vel_2,y_vel_2,angle_2,kind,id_1,type_1,color_1,x_1,y_1,x_vel_1,y_vel_1,angle_1,id_2,type_2,color_2,x_2,y_2,x_vel_2,y_vel_2,angle_2,kind,id_1,type_1,color_1,x_1,y_1,x_vel_1,y_vel_1,angle_1,id_2,type_2,color_2,x_2,y_2,x_vel_2,y_vel_2,angle_2,kind,id_1,type_1,color_1,x_1,y_1,x_vel_1,y_vel_1,angle_1,id_2,type_2,color_2,x_2,y_2,x_vel_2,y_vel_2,angle_2,kind,id_1,type_1,color_1,x_1,y_1,x_vel_1,y_vel_1,angle_1,id_2,type_2,color_2,x_2,y_2,x_vel_2,y_vel_2,angle_2,kind,id_1,type_1,color_1,x_1,y_1,x_vel_1,y_vel_1,angle_1,id_2,type_2,color_2,x_2,y_2,x_vel_2,y_vel_2,angle_2,kind,id_1,type_1,color_1,x_1,y_1,x_vel_1,y_vel_1,angle_1,id_2,type_2,color_2,x_2,y_2,x_vel_2,y_vel_2,angle_2,kind,id_1,type_1,color_1,x_1,y_1,x_vel_1,y_vel_1,angle_1,id_2,type_2,color_2,x_2,y_2,x_vel_2,y_vel_2,angle_2,kind,id_1,type_1,color_1,x_1,y_1,x_vel_1,y_vel_1,angle_1,id_2,type_2,color_2,x_2,y_2,x_vel_2,y_vel_2,angle_2,kind,id_1,type_1,color_1,x_1,y_1,x_vel_1,y_vel_1,angle_1,id_2,type_2,color_2,x_2,y_2,x_vel_2,y_vel_2,angle_2,kind,id_1,type_1,color_1,x_1,y_1,x_vel_1,y_vel_1,angle_1,id_2,type_2,color_2,x_2,y_2,x_vel_2,y_vel_2,angle_2,kind,id_1,type_1,color_1,x_1,y_1,x_vel_1,y_vel_1,angle_1,id_2,type_2,color_2,x_2,y_2,x_vel_2,y_vel_2,angle_2,kind,id_1,type_1,color_1,x_1,y_1,x_vel_1,y_vel_1,angle_1,id_2,type_2,color_2,x_2,y_2,x_vel_2,y_vel_2,angle_2,kind,id_1,type_1,color_1,x_1,y_1,x_vel_1,y_vel_1,angle_1,id_2,type_2,color_2,x_2,y_2,x_vel_2,y_vel_2,angle_2,kind,id_1,type_1,color_1,x_1,y_1,x_vel_1,y_vel_1,angle_1,id_2,type_2,color_2,x_2,y_2,x_vel_2,y_vel_2,angle_2,kind,id_1,type_1,color_1,x_1,y_1,x_vel_1,y_vel_1,angle_1,id_2,type_2,color_2,x_2,y_2,x_vel_2,y_vel_2,angle_2,kind,id_1,type_1,color_1,x_1,y_1,x_vel_1,y_vel_1,angle_1,id_2,type_2,color_2,x_2,y_2,x_vel_2,y_vel_2,angle_2,kind,id_1,type_1,color_1,x_1,y_1,x_vel_1,y_vel_1,angle_1,id_2,type_2,color_2,x_2,y_2,x_vel_2,y_vel_2,angle_2,kind,id_1,type_1,color_1,x_1,y_1,x_vel_1,y_vel_1,angle_1,id_2,type_2,color_2,x_2,y_2,x_vel_2,y_vel_2,angle_2,kind,id_1,type_1,color_1,x_1,y_1,x_vel_1,y_vel_1,angle_1,id_2,type_2,color_2,x_2,y_2,x_vel_2,y_vel_2,angle_2,kind,id_1,type_1,color_1,x_1,y_1,x_vel_1,y_vel_1,angle_1,id_2,type_2,color_2,x_2,y_2,x_vel_2,y_vel_2,angle_2,kind,id_1,type_1,color_1,x_1,y_1,x_vel_1,y_vel_1,angle_1,id_2,type_2,color_2,x_2,y_2,x_vel_2,y_vel_2,angle_2,kind,id_1,type_1,color_1,x_1,y_1,x_vel_1,y_vel_1,angle_1,id_2,type_2,color_2,x_2,y_2,x_vel_2,y_vel_2,angle_2,kind,id_1,type_1,color_1,x_1,y_1,x_vel_1,y_vel_1,angle_1,id_2,type_2,color_2,x_2,y_2,x_vel_2,y_vel_2,angle_2,kind,id_1,type_1,color_1,x_1,y_1,x_vel_1,y_vel_1,angle_1,id_2,type_2,color_2,x_2,y_2,x_vel_2,y_vel_2,angle_2,kind,id_1,type_1,color_1,x_1,y_1,x_vel_1,y_vel_1,angle_1,id_2,type_2,color_2,x_2,y_2,x_vel_2,y_vel_2,angle_2,kind,id_1,type_1,color_1,x_1,y_1,x_vel_1,y_vel_1,angle_1,id_2,type_2,color_2,x_2,y_2,x_vel_2,y_vel_2,angle_2,kind,id_1,type_1,color_1,x_1,y_1,x_vel_1,y_vel_1,angle_1,id_2,type_2,color_2,x_2,y_2,x_vel_2,y_vel_2,angle_2,kind,id_1,type_1,color_1,x_1,y_1,x_vel_1,y_vel_1,angle_1,id_2,type_2,color_2,x_2,y_2,x_vel_2,y_vel_2,angle_2,kind,id_1,type_1,color_1,x_1,y_1,x_vel_1,y_vel_1,angle_1,id_2,type_2,color_2,x_2,y_2,x_vel_2,y_vel_2,angle_2,kind,id_1,type_1,color_1,x_1,y_1,x_vel_1,y_vel_1,angle_1,id_2,type_2,color_2,x_2,y_2,x_vel_2,y_vel_2,angle_2,kind,id_1,type_1,color_1,x_1,y_1,x_vel_1,y_vel_1,angle_1,id_2,type_2,color_2,x_2,y_2,x_vel_2,y_vel_2,angle_2,kind,id_1,type_1,color_1,x_1,y_1,x_vel_1,y_vel_1,angle_1,id_2,type_2,color_2,x_2,y_2,x_vel_2,y_vel_2,angle_2,kind,id_1,type_1,color_1,x_1,y_1,x_vel_1,y_vel_1,angle_1,id_2,type_2,color_2,x_2,y_2,x_vel_2,y_vel_2,angle_2,kind,id_1,type_1,color_1,x_1,y_1,x_vel_1,y_vel_1,angle_1,id_2,type_2,color_2,x_2,y_2,x_vel_2,y_vel_2,angle_2,kind,id_1,type_1,color_1,x_1,y_1,x_vel_1,y_vel_1,angle_1,id_2,type_2,color_2,x_2,y_2,x_vel_2,y_vel_2,angle_2,kind,id_1,type_1,color_1,x_1,y_1,x_vel_1,y_vel_1,angle_1,id_2,type_2,color_2,x_2,y_2,x_vel_2,y_vel_2,angle_2,kind,id_1,type_1,color_1,x_1,y_1,x_vel_1,y_vel_1,angle_1,id_2,type_2,color_2,x_2,y_2,x_vel_2,y_vel_2,angle_2,kind,id_1,type_1,color_1,x_1,y_1,x_vel_1,y_vel_1,angle_1,id_2,type_2,color_2,x_2,y_2,x_vel_2,y_vel_2,angle_2,kind,id_1,type_1,color_1,x_1,y_1,x_vel_1,y_vel_1,angle_1,id_2,type_2,color_2,x_2,y_2,x_vel_2,y_vel_2,angle_2,kind,id_1,type_1,color_1,x_1,y_1,x_vel_1,y_vel_1,angle_1,id_2,type_2,color_2,x_2,y_2,x_vel_2,y_vel_2,angle_2,kind,id_1,type_1,color_1,x_1,y_1,x_vel_1,y_vel_1,angle_1,id_2,type_2,color_2,x_2,y_2,x_vel_2,y_vel_2,angle_2,kind,id_1,type_1,color_1,x_1,y_1,x_vel_1,y_vel_1,angle_1,id_2,type_2,color_2,x_2,y_2,x_vel_2,y_vel_2,angle_2,kind,id_1,type_1,color_1,x_1,y_1,x_vel_1,y_vel_1,angle_1,id_2,type_2,color_2,x_2,y_2,x_vel_2,y_vel_2,angle_2,kind,id_1,type_1,color_1,x_1,y_1,x_vel_1,y_vel_1,angle_1,id_2,type_2,color_2,x_2,y_2,x_vel_2,y_vel_2,angle_2,kind,id_1,type_1,color_1,x_1,y_1,x_vel_1,y_vel_1,angle_1,id_2,type_2,color_2,x_2,y_2,x_vel_2,y_vel_2,angle_2,kind,id_1,type_1,color_1,x_1,y_1,x_vel_1,y_vel_1,angle_1,id_2,type_2,color_2,x_2,y_2,x_vel_2,y_vel_2,angle_2,kind,id_1,type_1,color_1,x_1,y_1,x_vel_1,y_vel_1,angle_1,id_2,type_2,color_2,x_2,y_2,x_vel_2,y_vel_2,angle_2,kind,id_1,type_1,color_1,x_1,y_1,x_vel_1,y_vel_1,angle_1,id_2,type_2,color_2,x_2,y_2,x_vel_2,y_vel_2,angle_2,kind,id_1,type_1,color_1,x_1,y_1,x_vel_1,y_vel_1,angle_1,id_2,type_2,color_2,x_2,y_2,x_vel_2,y_vel_2,angle_2,kind,id_1,type_1,color_1,x_1,y_1,x_vel_1,y_vel_1,angle_1,id_2,type_2,color_2,x_2,y_2,x_vel_2,y_vel_2,angle_2,kind,id_1,type_1,color_1,x_1,y_1,x_vel_1,y_vel_1,angle_1,id_2,type_2,color_2,x_2,y_2,x_vel_2,y_vel_2,angle_2,kind,id_1,type_1,color_1,x_1,y_1,x_vel_1,y_vel_1,angle_1,id_2,type_2,color_2,x_2,y_2,x_vel_2,y_vel_2,angle_2,kind,id_1,type_1,color_1,x_1,y_1,x_vel_1,y_vel_1,angle_1,id_2,type_2,color_2,x_2,y_2,x_vel_2,y_vel_2,angle_2,kind,id_1,type_1,color_1,x_1,y_1,x_vel_1,y_vel_1,angle_1,id_2,type_2,color_2,x_2,y_2,x_vel_2,y_vel_2,angle_2,kind,id_1,type_1,color_1,x_1,y_1,x_vel_1,y_vel_1,angle_1,id_2,type_2,color_2,x_2,y_2,x_vel_2,y_vel_2,angle_2,kind,id_1,type_1,color_1,x_1,y_1,x_vel_1,y_vel_1,angle_1,id_2,type_2,color_2,x_2,y_2,x_vel_2,y_vel_2,angle_2,kind,id_1,type_1,color_1,x_1,y_1,x_vel_1,y_vel_1,angle_1,id_2,type_2,color_2,x_2,y_2,x_vel_2,y_vel_2,angle_2,kind,id_1,type_1,color_1,x_1,y_1,x_vel_1,y_vel_1,angle_1,id_2,type_2,color_2,x_2,y_2,x_vel_2,y_vel_2,angle_2,kind,id_1,type_1,color_1,x_1,y_1,x_vel_1,y_vel_1,angle_1,id_2,type_2,color_2,x_2,y_2,x_vel_2,y_vel_2,angle_2,kind,id_1,type_1,color_1,x_1,y_1,x_vel_1,y_vel_1,angle_1,id_2,type_2,color_2,x_2,y_2,x_vel_2,y_vel_2,angle_2,kind,id_1,type_1,color_1,x_1,y_1,x_vel_1,y_vel_1,angle_1,id_2,type_2,color_2,x_2,y_2,x_vel_2,y_vel_2,angle_2,kind,id_1,type_1,color_1,x_1,y_1,x_vel_1,y_vel_1,angle_1,id_2,type_2,color_2,x_2,y_2,x_vel_2,y_vel_2,angle_2,kind,id_1,type_1,color_1,x_1,y_1,x_vel_1,y_vel_1,angle_1,id_2,type_2,color_2,x_2,y_2,x_vel_2,y_vel_2,angle_2,kind,id_1,type_1,color_1,x_1,y_1,x_vel_1,y_vel_1,angle_1,id_2,type_2,color_2,x_2,y_2,x_vel_2,y_vel_2,angle_2,kind,id_1,type_1,color_1,x_1,y_1,x_vel_1,y_vel_1,angle_1,id_2,type_2,color_2,x_2,y_2,x_vel_2,y_vel_2,angle_2,kind,id_1,type_1,color_1,x_1,y_1,x_vel_1,y_vel_1,angle_1,id_2,type_2,color_2,x_2,y_2,x_vel_2,y_vel_2,angle_2,kind,id_1,type_1,color_1,x_1,y_1,x_vel_1,y_vel_1,angle_1,id_2,type_2,color_2,x_2,y_2,x_vel_2,y_vel_2,angle_2,kind,id_1,type_1,color_1,x_1,y_1,x_vel_1,y_vel_1,angle_1,id_2,type_2,color_2,x_2,y_2,x_vel_2,y_vel_2,angle_2,kind,id_1,type_1,color_1,x_1,y_1,x_vel_1,y_vel_1,angle_1,id_2,type_2,color_2,x_2,y_2,x_vel_2,y_vel_2,angle_2,kind,id_1,type_1,color_1,x_1,y_1,x_vel_1,y_vel_1,angle_1,id_2,type_2,color_2,x_2,y_2,x_vel_2,y_vel_2,angle_2,kind,id_1,type_1,color_1,x_1,y_1,x_vel_1,y_vel_1,angle_1,id_2,type_2,color_2,x_2,y_2,x_vel_2,y_vel_2,angle_2,kind,id_1,type_1,color_1,x_1,y_1,x_vel_1,y_vel_1,angle_1,id_2,type_2,color_2,x_2,y_2,x_vel_2,y_vel_2,angle_2,kind,id_1,type_1,color_1,x_1,y_1,x_vel_1,y_vel_1,angle_1,id_2,type_2,color_2,x_2,y_2,x_vel_2,y_vel_2,angle_2,kind,id_1,type_1,color_1,x_1,y_1,x_vel_1,y_vel_1,angle_1,id_2,type_2,color_2,x_2,y_2,x_vel_2,y_vel_2,angle_2,kind,id_1,type_1,color_1,x_1,y_1,x_vel_1,y_vel_1,angle_1,id_2,type_2,color_2,x_2,y_2,x_vel_2,y_vel_2,angle_2,kind,id_1,type_1,color_1,x_1,y_1,x_vel_1,y_vel_1,angle_1,id_2,type_2,color_2,x_2,y_2,x_vel_2,y_vel_2,angle_2,kind,id_1,type_1,color_1,x_1,y_1,x_vel_1,y_vel_1,angle_1,id_2,type_2,color_2,x_2,y_2,x_vel_2,y_vel_2,angle_2,kind,id_1,type_1,color_1,x_1,y_1,x_vel_1,y_vel_1,angle_1,id_2,type_2,color_2,x_2,y_2,x_vel_2,y_vel_2,angle_2,kind,id_1,type_1,color_1,x_1,y_1,x_vel_1,y_vel_1,angle_1,id_2,type_2,color_2,x_2,y_2,x_vel_2,y_vel_2,angle_2,kind,id_1,type_1,color_1,x_1,y_1,x_vel_1,y_vel_1,angle_1,id_2,type_2,color_2,x_2,y_2,x_vel_2,y_vel_2,angle_2,kind,id_1,type_1,color_1,x_1,y_1,x_vel_1,y_vel_1,angle_1,id_2,type_2,color_2,x_2,y_2,x_vel_2,y_vel_2,angle_2,kind,id_1,type_1,color_1,x_1,y_1,x_vel_1,y_vel_1,angle_1,id_2,type_2,color_2,x_2,y_2,x_vel_2,y_vel_2,angle_2,kind,id_1,type_1,color_1,x_1,y_1,x_vel_1,y_vel_1,angle_1,id_2,type_2,color_2,x_2,y_2,x_vel_2,y_vel_2,angle_2,kind,id_1,type_1,color_1,x_1,y_1,x_vel_1,y_vel_1,angle_1,id_2,type_2,color_2,x_2,y_2,x_vel_2,y_vel_2,angle_2,kind,id_1,type_1,color_1,x_1,y_1,x_vel_1,y_vel_1,angle_1,id_2,type_2,color_2,x_2,y_2,x_vel_2,y_vel_2,angle_2,kind,id_1,type_1,color_1,x_1,y_1,x_vel_1,y_vel_1,angle_1,id_2,type_2,color_2,x_2,y_2,x_vel_2,y_vel_2,angle_2,kind,id_1,type_1,color_1,x_1,y_1,x_vel_1,y_vel_1,angle_1,id_2,type_2,color_2,x_2,y_2,x_vel_2,y_vel_2,angle_2,kind,id_1,type_1,color_1,x_1,y_1,x_vel_1,y_vel_1,angle_1,id_2,type_2,color_2,x_2,y_2,x_vel_2,y_vel_2,angle_2,kind,id_1,type_1,color_1,x_1,y_1,x_vel_1,y_vel_1,angle_1,id_2,type_2,color_2,x_2,y_2,x_vel_2,y_vel_2,angle_2,kind,id_1,type_1,color_1,x_1,y_1,x_vel_1,y_vel_1,angle_1,id_2,type_2,color_2,x_2,y_2,x_vel_2,y_vel_2,angle_2,kind,id_1,type_1,color_1,x_1,y_1,x_vel_1,y_vel_1,angle_1,id_2,type_2,color_2,x_2,y_2,x_vel_2,y_vel_2,angle_2,kind,id_1,type_1,color_1,x_1,y_1,x_vel_1,y_vel_1,angle_1,id_2,type_2,color_2,x_2,y_2,x_vel_2,y_vel_2,angle_2,kind,id_1,type_1,color_1,x_1,y_1,x_vel_1,y_vel_1,angle_1,id_2,type_2,color_2,x_2,y_2,x_vel_2,y_vel_2,angle_2,kind,id_1,type_1,color_1,x_1,y_1,x_vel_1,y_vel_1,angle_1,id_2,type_2,color_2,x_2,y_2,x_vel_2,y_vel_2,angle_2,kind,id_1,type_1,color_1,x_1,y_1,x_vel_1,y_vel_1,angle_1,id_2,type_2,color_2,x_2,y_2,x_vel_2,y_vel_2,angle_2,kind,id_1,type_1,color_1,x_1,y_1,x_vel_1,y_vel_1,angle_1,id_2,type_2,color_2,x_2,y_2,x_vel_2,y_vel_2,angle_2,kind,id_1,type_1,color_1,x_1,y_1,x_vel_1,y_vel_1,angle_1,id_2,type_2,color_2,x_2,y_2,x_vel_2,y_vel_2,angle_2,kind,id_1,type_1,color_1,x_1,y_1,x_vel_1,y_vel_1,angle_1,id_2,type_2,color_2,x_2,y_2,x_vel_2,y_vel_2,angle_2,kind,id_1,type_1,color_1,x_1,y_1,x_vel_1,y_vel_1,angle_1,id_2,type_2,color_2,x_2,y_2,x_vel_2,y_vel_2,angle_2,kind,id_1,type_1,color_1,x_1,y_1,x_vel_1,y_vel_1,angle_1,id_2,type_2,color_2,x_2,y_2,x_vel_2,y_vel_2,angle_2,kind,id_1,type_1,color_1,x_1,y_1,x_vel_1,y_vel_1,angle_1,id_2,type_2,color_2,x_2,y_2,x_vel_2,y_vel_2,angle_2,kind,id_1,type_1,color_1,x_1,y_1,x_vel_1,y_vel_1,angle_1,id_2,type_2,color_2,x_2,y_2,x_vel_2,y_vel_2,angle_2,kind,id_1,type_1,color_1,x_1,y_1,x_vel_1,y_vel_1,angle_1,id_2,type_2,color_2,x_2,y_2,x_vel_2,y_vel_2,angle_2,kind,id_1,type_1,color_1,x_1,y_1,x_vel_1,y_vel_1,angle_1,id_2,type_2,color_2,x_2,y_2,x_vel_2,y_vel_2,angle_2,kind,id_1,type_1,color_1,x_1,y_1,x_vel_1,y_vel_1,angle_1,id_2,type_2,color_2,x_2,y_2,x_vel_2,y_vel_2,angle_2,kind,id_1,type_1,color_1,x_1,y_1,x_vel_1,y_vel_1,angle_1,id_2,type_2,color_2,x_2,y_2,x_vel_2,y_vel_2,angle_2,kind,id_1,type_1,color_1,x_1,y_1,x_vel_1,y_vel_1,angle_1,id_2,type_2,color_2,x_2,y_2,x_vel_2,y_vel_2,angle_2,kind,id_1,type_1,color_1,x_1,y_1,x_vel_1,y_vel_1,angle_1,id_2,type_2,color_2,x_2,y_2,x_vel_2,y_vel_2,angle_2,kind,id_1,type_1,color_1,x_1,y_1,x_vel_1,y_vel_1,angle_1,id_2,type_2,color_2,x_2,y_2,x_vel_2,y_vel_2,angle_2,kind,id_1,type_1,color_1,x_1,y_1,x_vel_1,y_vel_1,angle_1,id_2,type_2,color_2,x_2,y_2,x_vel_2,y_vel_2,angle_2,kind,id_1,type_1,color_1,x_1,y_1,x_vel_1,y_vel_1,angle_1,id_2,type_2,color_2,x_2,y_2,x_vel_2,y_vel_2,angle_2,kind,id_1,type_1,color_1,x_1,y_1,x_vel_1,y_vel_1,angle_1,id_2,type_2,color_2,x_2,y_2,x_vel_2,y_vel_2,angle_2,kind,id_1,type_1,color_1,x_1,y_1,x_vel_1,y_vel_1,angle_1,id_2,type_2,color_2,x_2,y_2,x_vel_2,y_vel_2,angle_2,kind,id_1,type_1,color_1,x_1,y_1,x_vel_1,y_vel_1,angle_1,id_2,type_2,color_2,x_2,y_2,x_vel_2,y_vel_2,angle_2,kind,id_1,type_1,color_1,x_1,y_1,x_vel_1,y_vel_1,angle_1,id_2,type_2,color_2,x_2,y_2,x_vel_2,y_vel_2,angle_2,kind,id_1,type_1,color_1,x_1,y_1,x_vel_1,y_vel_1,angle_1,id_2,type_2,color_2,x_2,y_2,x_vel_2,y_vel_2,angle_2,kind,id_1,type_1,color_1,x_1,y_1,x_vel_1,y_vel_1,angle_1,id_2,type_2,color_2,x_2,y_2,x_vel_2,y_vel_2,angle_2,kind,id_1,type_1,color_1,x_1,y_1,x_vel_1,y_vel_1,angle_1,id_2,type_2,color_2,x_2,y_2,x_vel_2,y_vel_2,angle_2,kind,id_1,type_1,color_1,x_1,y_1,x_vel_1,y_vel_1,angle_1,id_2,type_2,color_2,x_2,y_2,x_vel_2,y_vel_2,angle_2,kind,id_1,type_1,color_1,x_1,y_1,x_vel_1,y_vel_1,angle_1,id_2,type_2,color_2,x_2,y_2,x_vel_2,y_vel_2,angle_2,kind,id_1,type_1,color_1,x_1,y_1,x_vel_1,y_vel_1,angle_1,id_2,type_2,color_2,x_2,y_2,x_vel_2,y_vel_2,angle_2,kind,id_1,type_1,color_1,x_1,y_1,x_vel_1,y_vel_1,angle_1,id_2,type_2,color_2,x_2,y_2,x_vel_2,y_vel_2,angle_2,kind,id_1,type_1,color_1,x_1,y_1,x_vel_1,y_vel_1,angle_1,id_2,type_2,color_2,x_2,y_2,x_vel_2,y_vel_2,angle_2,kind,id_1,type_1,color_1,x_1,y_1,x_vel_1,y_vel_1,angle_1,id_2,type_2,color_2,x_2,y_2,x_vel_2,y_vel_2,angle_2,kind,id_1,type_1,color_1,x_1,y_1,x_vel_1,y_vel_1,angle_1,id_2,type_2,color_2,x_2,y_2,x_vel_2,y_vel_2,angle_2,kind,id_1,type_1,color_1,x_1,y_1,x_vel_1,y_vel_1,angle_1,id_2,type_2,color_2,x_2,y_2,x_vel_2,y_vel_2,angle_2,kind,id_1,type_1,color_1,x_1,y_1,x_vel_1,y_vel_1,angle_1,id_2,type_2,color_2,x_2,y_2,x_vel_2,y_vel_2,angle_2,kind,id_1,type_1,color_1,x_1,y_1,x_vel_1,y_vel_1,angle_1,id_2,type_2,color_2,x_2,y_2,x_vel_2,y_vel_2,angle_2,kind,id_1,type_1,color_1,x_1,y_1,x_vel_1,y_vel_1,angle_1,id_2,type_2,color_2,x_2,y_2,x_vel_2,y_vel_2,angle_2,kind,id_1,type_1,color_1,x_1,y_1,x_vel_1,y_vel_1,angle_1,id_2,type_2,color_2,x_2,y_2,x_vel_2,y_vel_2,angle_2,kind,id_1,type_1,color_1,x_1,y_1,x_vel_1,y_vel_1,angle_1,id_2,type_2,color_2,x_2,y_2,x_vel_2,y_vel_2,angle_2,kind,id_1,type_1,color_1,x_1,y_1,x_vel_1,y_vel_1,angle_1,id_2,type_2,color_2,x_2,y_2,x_vel_2,y_vel_2,angle_2,kind,id_1,type_1,color_1,x_1,y_1,x_vel_1,y_vel_1,angle_1,id_2,type_2,color_2,x_2,y_2,x_vel_2,y_vel_2,angle_2,kind,id_1,type_1,color_1,x_1,y_1,x_vel_1,y_vel_1,angle_1,id_2,type_2,color_2,x_2,y_2,x_vel_2,y_vel_2,angle_2,kind,id_1,type_1,color_1,x_1,y_1,x_vel_1,y_vel_1,angle_1,id_2,type_2,color_2,x_2,y_2,x_vel_2,y_vel_2,angle_2,kind,id_1,type_1,color_1,x_1,y_1,x_vel_1,y_vel_1,angle_1,id_2,type_2,color_2,x_2,y_2,x_vel_2,y_vel_2,angle_2,kind,id_1,type_1,color_1,x_1,y_1,x_vel_1,y_vel_1,angle_1,id_2,type_2,color_2,x_2,y_2,x_vel_2,y_vel_2,angle_2,kind,id_1,type_1,color_1,x_1,y_1,x_vel_1,y_vel_1,angle_1,id_2,type_2,color_2,x_2,y_2,x_vel_2,y_vel_2,angle_2,kind,id_1,type_1,color_1,x_1,y_1,x_vel_1,y_vel_1,angle_1,id_2,type_2,color_2,x_2,y_2,x_vel_2,y_vel_2,angle_2,kind,id_1,type_1,color_1,x_1,y_1,x_vel_1,y_vel_1,angle_1,id_2,type_2,color_2,x_2,y_2,x_vel_2,y_vel_2,angle_2,kind,id_1,type_1,color_1,x_1,y_1,x_vel_1,y_vel_1,angle_1,id_2,type_2,color_2,x_2,y_2,x_vel_2,y_vel_2,angle_2,kind,id_1,type_1,color_1,x_1,y_1,x_vel_1,y_vel_1,angle_1,id_2,type_2,color_2,x_2,y_2,x_vel_2,y_vel_2,angle_2,kind,id_1,type_1,color_1,x_1,y_1,x_vel_1,y_vel_1,angle_1,id_2,type_2,color_2,x_2,y_2,x_vel_2,y_vel_2,angle_2,kind,id_1,type_1,color_1,x_1,y_1,x_vel_1,y_vel_1,angle_1,id_2,type_2,color_2,x_2,y_2,x_vel_2,y_vel_2,angle_2,kind,id_1,type_1,color_1,x_1,y_1,x_vel_1,y_vel_1,angle_1,id_2,type_2,color_2,x_2,y_2,x_vel_2,y_vel_2,angle_2,kind,id_1,type_1,color_1,x_1,y_1,x_vel_1,y_vel_1,angle_1,id_2,type_2,color_2,x_2,y_2,x_vel_2,y_vel_2,angle_2,kind,id_1,type_1,color_1,x_1,y_1,x_vel_1,y_vel_1,angle_1,id_2,type_2,color_2,x_2,y_2,x_vel_2,y_vel_2,angle_2,kind,id_1,type_1,color_1,x_1,y_1,x_vel_1,y_vel_1,angle_1,id_2,type_2,color_2,x_2,y_2,x_vel_2,y_vel_2,angle_2,kind,id_1,type_1,color_1,x_1,y_1,x_vel_1,y_vel_1,angle_1,id_2,type_2,color_2,x_2,y_2,x_vel_2,y_vel_2,angle_2,kind,id_1,type_1,color_1,x_1,y_1,x_vel_1,y_vel_1,angle_1,id_2,type_2,color_2,x_2,y_2,x_vel_2,y_vel_2,angle_2,kind,id_1,type_1,color_1,x_1,y_1,x_vel_1,y_vel_1,angle_1,id_2,type_2,color_2,x_2,y_2,x_vel_2,y_vel_2,angle_2,kind,id_1,type_1,color_1,x_1,y_1,x_vel_1,y_vel_1,angle_1,id_2,type_2,color_2,x_2,y_2,x_vel_2,y_vel_2,angle_2,kind,id_1,type_1,color_1,x_1,y_1,x_vel_1,y_vel_1,angle_1,id_2,type_2,color_2,x_2,y_2,x_vel_2,y_vel_2,angle_2,kind,id_1,type_1,color_1,x_1,y_1,x_vel_1,y_vel_1,angle_1,id_2,type_2,color_2,x_2,y_2,x_vel_2,y_vel_2,angle_2,kind,id_1,type_1,color_1,x_1,y_1,x_vel_1,y_vel_1,angle_1,id_2,type_2,color_2,x_2,y_2,x_vel_2,y_vel_2,angle_2,kind,id_1,type_1,color_1,x_1,y_1,x_vel_1,y_vel_1,angle_1,id_2,type_2,color_2,x_2,y_2,x_vel_2,y_vel_2,angle_2,kind,id_1,type_1,color_1,x_1,y_1,x_vel_1,y_vel_1,angle_1,id_2,type_2,color_2,x_2,y_2,x_vel_2,y_vel_2,angle_2,kind,id_1,type_1,color_1,x_1,y_1,x_vel_1,y_vel_1,angle_1,id_2,type_2,color_2,x_2,y_2,x_vel_2,y_vel_2,angle_2,kind,id_1,type_1,color_1,x_1,y_1,x_vel_1,y_vel_1,angle_1,id_2,type_2,color_2,x_2,y_2,x_vel_2,y_vel_2,angle_2,kind,id_1,type_1,color_1,x_1,y_1,x_vel_1,y_vel_1,angle_1,id_2,type_2,color_2,x_2,y_2,x_vel_2,y_vel_2,angle_2,kind,id_1,type_1,color_1,x_1,y_1,x_vel_1,y_vel_1,angle_1,id_2,type_2,color_2,x_2,y_2,x_vel_2,y_vel_2,angle_2,kind,id_1,type_1,color_1,x_1,y_1,x_vel_1,y_vel_1,angle_1,id_2,type_2,color_2,x_2,y_2,x_vel_2,y_vel_2,angle_2,kind,id_1,type_1,color_1,x_1,y_1,x_vel_1,y_vel_1,angle_1,id_2,type_2,color_2,x_2,y_2,x_vel_2,y_vel_2,angle_2,kind,id_1,type_1,color_1,x_1,y_1,x_vel_1,y_vel_1,angle_1,id_2,type_2,color_2,x_2,y_2,x_vel_2,y_vel_2,angle_2,kind,id_1,type_1,color_1,x_1,y_1,x_vel_1,y_vel_1,angle_1,id_2,type_2,color_2,x_2,y_2,x_vel_2,y_vel_2,angle_2,kind,id_1,type_1,color_1,x_1,y_1,x_vel_1,y_vel_1,angle_1,id_2,type_2,color_2,x_2,y_2,x_vel_2,y_vel_2,angle_2,kind,id_1,type_1,color_1,x_1,y_1,x_vel_1,y_vel_1,angle_1,id_2,type_2,color_2,x_2,y_2,x_vel_2,y_vel_2,angle_2,kind,id_1,type_1,color_1,x_1,y_1,x_vel_1,y_vel_1,angle_1,id_2,type_2,color_2,x_2,y_2,x_vel_2,y_vel_2,angle_2,kind,id_1,type_1,color_1,x_1,y_1,x_vel_1,y_vel_1,angle_1,id_2,type_2,color_2,x_2,y_2,x_vel_2,y_vel_2,angle_2,kind,id_1,type_1,color_1,x_1,y_1,x_vel_1,y_vel_1,angle_1,id_2,type_2,color_2,x_2,y_2,x_vel_2,y_vel_2,angle_2,kind,id_1,type_1,color_1,x_1,y_1,x_vel_1,y_vel_1,angle_1,id_2,type_2,color_2,x_2,y_2,x_vel_2,y_vel_2,angle_2,kind,id_1,type_1,color_1,x_1,y_1,x_vel_1,y_vel_1,angle_1,id_2,type_2,color_2,x_2,y_2,x_vel_2,y_vel_2,angle_2,kind,id_1,type_1,color_1,x_1,y_1,x_vel_1,y_vel_1,angle_1,id_2,type_2,color_2,x_2,y_2,x_vel_2,y_vel_2,angle_2,kind,id_1,type_1,color_1,x_1,y_1,x_vel_1,y_vel_1,angle_1,id_2,type_2,color_2,x_2,y_2,x_vel_2,y_vel_2,angle_2,kind,id_1,type_1,color_1,x_1,y_1,x_vel_1,y_vel_1,angle_1,id_2,type_2,color_2,x_2,y_2,x_vel_2,y_vel_2,angle_2,kind,id_1,type_1,color_1,x_1,y_1,x_vel_1,y_vel_1,angle_1,id_2,type_2,color_2,x_2,y_2,x_vel_2,y_vel_2,angle_2,kind,id_1,type_1,color_1,x_1,y_1,x_vel_1,y_vel_1,angle_1,id_2,type_2,color_2,x_2,y_2,x_vel_2,y_vel_2,angle_2,kind,id_1,type_1,color_1,x_1,y_1,x_vel_1,y_vel_1,angle_1,id_2,type_2,color_2,x_2,y_2,x_vel_2,y_vel_2,angle_2,kind,id_1,type_1,color_1,x_1,y_1,x_vel_1,y_vel_1,angle_1,id_2,type_2,color_2,x_2,y_2,x_vel_2,y_vel_2,angle_2,kind,id_1,type_1,color_1,x_1,y_1,x_vel_1,y_vel_1,angle_1,id_2,type_2,color_2,x_2,y_2,x_vel_2,y_vel_2,angle_2,kind,id_1,type_1,color_1,x_1,y_1,x_vel_1,y_vel_1,angle_1,id_2,type_2,color_2,x_2,y_2,x_vel_2,y_vel_2,angle_2,kind,id_1,type_1,color_1,x_1,y_1,x_vel_1,y_vel_1,angle_1,id_2,type_2,color_2,x_2,y_2,x_vel_2,y_vel_2,angle_2,kind,id_1,type_1,color_1,x_1,y_1,x_vel_1,y_vel_1,angle_1,id_2,type_2,color_2,x_2,y_2,x_vel_2,y_vel_2,angle_2,kind,id_1,type_1,color_1,x_1,y_1,x_vel_1,y_vel_1,angle_1,id_2,type_2,color_2,x_2,y_2,x_vel_2,y_vel_2,angle_2,kind,id_1,type_1,color_1,x_1,y_1,x_vel_1,y_vel_1,angle_1,id_2,type_2,color_2,x_2,y_2,x_vel_2,y_vel_2,angle_2,kind,id_1,type_1,color_1,x_1,y_1,x_vel_1,y_vel_1,angle_1,id_2,type_2,color_2,x_2,y_2,x_vel_2,y_vel_2,angle_2,kind,id_1,type_1,color_1,x_1,y_1,x_vel_1,y_vel_1,angle_1,id_2,type_2,color_2,x_2,y_2,x_vel_2,y_vel_2,angle_2,kind,id_1,type_1,color_1,x_1,y_1,x_vel_1,y_vel_1,angle_1,id_2,type_2,color_2,x_2,y_2,x_vel_2,y_vel_2,angle_2,kind,id_1,type_1,color_1,x_1,y_1,x_vel_1,y_vel_1,angle_1,id_2,type_2,color_2,x_2,y_2,x_vel_2,y_vel_2,angle_2,kind,id_1,type_1,color_1,x_1,y_1,x_vel_1,y_vel_1,angle_1,id_2,type_2,color_2,x_2,y_2,x_vel_2,y_vel_2,angle_2,kind,id_1,type_1,color_1,x_1,y_1,x_vel_1,y_vel_1,angle_1,id_2,type_2,color_2,x_2,y_2,x_vel_2,y_vel_2,angle_2,kind,id_1,type_1,color_1,x_1,y_1,x_vel_1,y_vel_1,angle_1,id_2,type_2,color_2,x_2,y_2,x_vel_2,y_vel_2,angle_2,kind,id_1,type_1,color_1,x_1,y_1,x_vel_1,y_vel_1,angle_1,id_2,type_2,color_2,x_2,y_2,x_vel_2,y_vel_2,angle_2,kind,id_1,type_1,color_1,x_1,y_1,x_vel_1,y_vel_1,angle_1,id_2,type_2,color_2,x_2,y_2,x_vel_2,y_vel_2,angle_2,kind,id_1,type_1,color_1,x_1,y_1,x_vel_1,y_vel_1,angle_1,id_2,type_2,color_2,x_2,y_2,x_vel_2,y_vel_2,angle_2,kind,id_1,type_1,color_1,x_1,y_1,x_vel_1,y_vel_1,angle_1,id_2,type_2,color_2,x_2,y_2,x_vel_2,y_vel_2,angle_2,kind,id_1,type_1,color_1,x_1,y_1,x_vel_1,y_vel_1,angle_1,id_2,type_2,color_2,x_2,y_2,x_vel_2,y_vel_2,angle_2,kind,id_1,type_1,color_1,x_1,y_1,x_vel_1,y_vel_1,angle_1,id_2,type_2,color_2,x_2,y_2,x_vel_2,y_vel_2,angle_2,kind,id_1,type_1,color_1,x_1,y_1,x_vel_1,y_vel_1,angle_1,id_2,type_2,color_2,x_2,y_2,x_vel_2,y_vel_2,angle_2,kind,id_1,type_1,color_1,x_1,y_1,x_vel_1,y_vel_1,angle_1,id_2,type_2,color_2,x_2,y_2,x_vel_2,y_vel_2,angle_2,kind,id_1,type_1,color_1,x_1,y_1,x_vel_1,y_vel_1,angle_1,id_2,type_2,color_2,x_2,y_2,x_vel_2,y_vel_2,angle_2,kind,id_1,type_1,color_1,x_1,y_1,x_vel_1,y_vel_1,angle_1,id_2,type_2,color_2,x_2,y_2,x_vel_2,y_vel_2,angle_2,kind,id_1,type_1,color_1,x_1,y_1,x_vel_1,y_vel_1,angle_1,id_2,type_2,color_2,x_2,y_2,x_vel_2,y_vel_2,angle_2,kind,id_1,type_1,color_1,x_1,y_1,x_vel_1,y_vel_1,angle_1,id_2,type_2,color_2,x_2,y_2,x_vel_2,y_vel_2,angle_2,kind,id_1,type_1,color_1,x_1,y_1,x_vel_1,y_vel_1,angle_1,id_2,type_2,color_2,x_2,y_2,x_vel_2,y_vel_2,angle_2,kind,id_1,type_1,color_1,x_1,y_1,x_vel_1,y_vel_1,angle_1,id_2,type_2,color_2,x_2,y_2,x_vel_2,y_vel_2,angle_2,kind,id_1,type_1,color_1,x_1,y_1,x_vel_1,y_vel_1,angle_1,id_2,type_2,color_2,x_2,y_2,x_vel_2,y_vel_2,angle_2,kind,id_1,type_1,color_1,x_1,y_1,x_vel_1,y_vel_1,angle_1,id_2,type_2,color_2,x_2,y_2,x_vel_2,y_vel_2,angle_2,kind,id_1,type_1,color_1,x_1,y_1,x_vel_1,y_vel_1,angle_1,id_2,type_2,color_2,x_2,y_2,x_vel_2,y_vel_2,angle_2,kind,id_1,type_1,color_1,x_1,y_1,x_vel_1,y_vel_1,angle_1,id_2,type_2,color_2,x_2,y_2,x_vel_2,y_vel_2,angle_2,kind,id_1,type_1,color_1,x_1,y_1,x_vel_1,y_vel_1,angle_1,id_2,type_2,color_2,x_2,y_2,x_vel_2,y_vel_2,angle_2,kind,id_1,type_1,color_1,x_1,y_1,x_vel_1,y_vel_1,angle_1,id_2,type_2,color_2,x_2,y_2,x_vel_2,y_vel_2,angle_2,kind,id_1,type_1,color_1,x_1,y_1,x_vel_1,y_vel_1,angle_1,id_2,type_2,color_2,x_2,y_2,x_vel_2,y_vel_2,angle_2,kind,id_1,type_1,color_1,x_1,y_1,x_vel_1,y_vel_1,angle_1,id_2,type_2,color_2,x_2,y_2,x_vel_2,y_vel_2,angle_2,kind,id_1,type_1,color_1,x_1,y_1,x_vel_1,y_vel_1,angle_1,id_2,type_2,color_2,x_2,y_2,x_vel_2,y_vel_2,angle_2,kind,id_1,type_1,color_1,x_1,y_1,x_vel_1,y_vel_1,angle_1,id_2,type_2,color_2,x_2,y_2,x_vel_2,y_vel_2,angle_2,kind,id_1,type_1,color_1,x_1,y_1,x_vel_1,y_vel_1,angle_1,id_2,type_2,color_2,x_2,y_2,x_vel_2,y_vel_2,angle_2,kind,id_1,type_1,color_1,x_1,y_1,x_vel_1,y_vel_1,angle_1,id_2,type_2,color_2,x_2,y_2,x_vel_2,y_vel_2,angle_2,kind,id_1,type_1,color_1,x_1,y_1,x_vel_1,y_vel_1,angle_1,id_2,type_2,color_2,x_2,y_2,x_vel_2,y_vel_2,angle_2,kind,id_1,type_1,color_1,x_1,y_1,x_vel_1,y_vel_1,angle_1,id_2,type_2,color_2,x_2,y_2,x_vel_2,y_vel_2,angle_2,kind,id_1,type_1,color_1,x_1,y_1,x_vel_1,y_vel_1,angle_1,id_2,type_2,color_2,x_2,y_2,x_vel_2,y_vel_2,angle_2,kind,id_1,type_1,color_1,x_1,y_1,x_vel_1,y_vel_1,angle_1,id_2,type_2,color_2,x_2,y_2,x_vel_2,y_vel_2,angle_2,kind,id_1,type_1,color_1,x_1,y_1,x_vel_1,y_vel_1,angle_1,id_2,type_2,color_2,x_2,y_2,x_vel_2,y_vel_2,angle_2,kind,id_1,type_1,color_1,x_1,y_1,x_vel_1,y_vel_1,angle_1,id_2,type_2,color_2,x_2,y_2,x_vel_2,y_vel_2,angle_2,kind,id_1,type_1,color_1,x_1,y_1,x_vel_1,y_vel_1,angle_1,id_2,type_2,color_2,x_2,y_2,x_vel_2,y_vel_2,angle_2,kind,id_1,type_1,color_1,x_1,y_1,x_vel_1,y_vel_1,angle_1,id_2,type_2,color_2,x_2,y_2,x_vel_2,y_vel_2,angle_2,kind,id_1,type_1,color_1,x_1,y_1,x_vel_1,y_vel_1,angle_1,id_2,type_2,color_2,x_2,y_2,x_vel_2,y_vel_2,angle_2,kind,id_1,type_1,color_1,x_1,y_1,x_vel_1,y_vel_1,angle_1,id_2,type_2,color_2,x_2,y_2,x_vel_2,y_vel_2,angle_2,kind,id_1,type_1,color_1,x_1,y_1,x_vel_1,y_vel_1,angle_1,id_2,type_2,color_2,x_2,y_2,x_vel_2,y_vel_2,angle_2,kind,id_1,type_1,color_1,x_1,y_1,x_vel_1,y_vel_1,angle_1,id_2,type_2,color_2,x_2,y_2,x_vel_2,y_vel_2,angle_2,kind,id_1,type_1,color_1,x_1,y_1,x_vel_1,y_vel_1,angle_1,id_2,type_2,color_2,x_2,y_2,x_vel_2,y_vel_2,angle_2,kind,id_1,type_1,color_1,x_1,y_1,x_vel_1,y_vel_1,angle_1,id_2,type_2,color_2,x_2,y_2,x_vel_2,y_vel_2,angle_2,kind,id_1,type_1,color_1,x_1,y_1,x_vel_1,y_vel_1,angle_1,id_2,type_2,color_2,x_2,y_2,x_vel_2,y_vel_2,angle_2,kind,id_1,type_1,color_1,x_1,y_1,x_vel_1,y_vel_1,angle_1,id_2,type_2,color_2,x_2,y_2,x_vel_2,y_vel_2,angle_2,kind,id_1,type_1,color_1,x_1,y_1,x_vel_1,y_vel_1,angle_1,id_2,type_2,color_2,x_2,y_2,x_vel_2,y_vel_2,angle_2,kind,id_1,type_1,color_1,x_1,y_1,x_vel_1,y_vel_1,angle_1,id_2,type_2,color_2,x_2,y_2,x_vel_2,y_vel_2,angle_2,kind,id_1,type_1,color_1,x_1,y_1,x_vel_1,y_vel_1,angle_1,id_2,type_2,color_2,x_2,y_2,x_vel_2,y_vel_2,angle_2,kind,id_1,type_1,color_1,x_1,y_1,x_vel_1,y_vel_1,angle_1,id_2,type_2,color_2,x_2,y_2,x_vel_2,y_vel_2,angle_2,kind,id_1,type_1,color_1,x_1,y_1,x_vel_1,y_vel_1,angle_1,id_2,type_2,color_2,x_2,y_2,x_vel_2,y_vel_2,angle_2,kind,id_1,type_1,color_1,x_1,y_1,x_vel_1,y_vel_1,angle_1,id_2,type_2,color_2,x_2,y_2,x_vel_2,y_vel_2,angle_2,kind,id_1,type_1,color_1,x_1,y_1,x_vel_1,y_vel_1,angle_1,id_2,type_2,color_2,x_2,y_2,x_vel_2,y_vel_2,angle_2,kind,id_1,type_1,color_1,x_1,y_1,x_vel_1,y_vel_1,angle_1,id_2,type_2,color_2,x_2,y_2,x_vel_2,y_vel_2,angle_2,kind,id_1,type_1,color_1,x_1,y_1,x_vel_1,y_vel_1,angle_1,id_2,type_2,color_2,x_2,y_2,x_vel_2,y_vel_2,angle_2,kind,id_1,type_1,color_1,x_1,y_1,x_vel_1,y_vel_1,angle_1,id_2,type_2,color_2,x_2,y_2,x_vel_2,y_vel_2,angle_2,kind,id_1,type_1,color_1,x_1,y_1,x_vel_1,y_vel_1,angle_1,id_2,type_2,color_2,x_2,y_2,x_vel_2,y_vel_2,angle_2,kind,id_1,type_1,color_1,x_1,y_1,x_vel_1,y_vel_1,angle_1,id_2,type_2,color_2,x_2,y_2,x_vel_2,y_vel_2,angle_2,kind,id_1,type_1,color_1,x_1,y_1,x_vel_1,y_vel_1,angle_1,id_2,type_2,color_2,x_2,y_2,x_vel_2,y_vel_2,angle_2,kind,id_1,type_1,color_1,x_1,y_1,x_vel_1,y_vel_1,angle_1,id_2,type_2,color_2,x_2,y_2,x_vel_2,y_vel_2,angle_2,kind,id_1,type_1,color_1,x_1,y_1,x_vel_1,y_vel_1,angle_1,id_2,type_2,color_2,x_2,y_2,x_vel_2,y_vel_2,angle_2,kind,id_1,type_1,color_1,x_1,y_1,x_vel_1,y_vel_1,angle_1,id_2,type_2,color_2,x_2,y_2,x_vel_2,y_vel_2,angle_2,kind,id_1,type_1,color_1,x_1,y_1,x_vel_1,y_vel_1,angle_1,id_2,type_2,color_2,x_2,y_2,x_vel_2,y_vel_2,angle_2,kind,id_1,type_1,color_1,x_1,y_1,x_vel_1,y_vel_1,angle_1,id_2,type_2,color_2,x_2,y_2,x_vel_2,y_vel_2,angle_2,kind,id_1,type_1,color_1,x_1,y_1,x_vel_1,y_vel_1,angle_1,id_2,type_2,color_2,x_2,y_2,x_vel_2,y_vel_2,angle_2,kind,id_1,type_1,color_1,x_1,y_1,x_vel_1,y_vel_1,angle_1,id_2,type_2,color_2,x_2,y_2,x_vel_2,y_vel_2,angle_2,kind,id_1,type_1,color_1,x_1,y_1,x_vel_1,y_vel_1,angle_1,id_2,type_2,color_2,x_2,y_2,x_vel_2,y_vel_2,angle_2,kind,id_1,type_1,color_1,x_1,y_1,x_vel_1,y_vel_1,angle_1,id_2,type_2,color_2,x_2,y_2,x_vel_2,y_vel_2,angle_2,kind,id_1,type_1,color_1,x_1,y_1,x_vel_1,y_vel_1,angle_1,id_2,type_2,color_2,x_2,y_2,x_vel_2,y_vel_2,angle_2,kind,id_1,type_1,color_1,x_1,y_1,x_vel_1,y_vel_1,angle_1,id_2,type_2,color_2,x_2,y_2,x_vel_2,y_vel_2,angle_2,kind,id_1,type_1,color_1,x_1,y_1,x_vel_1,y_vel_1,angle_1,id_2,type_2,color_2,x_2,y_2,x_vel_2,y_vel_2,angle_2,kind,id_1,type_1,color_1,x_1,y_1,x_vel_1,y_vel_1,angle_1,id_2,type_2,color_2,x_2,y_2,x_vel_2,y_vel_2,angle_2,kind,id_1,type_1,color_1,x_1,y_1,x_vel_1,y_vel_1,angle_1,id_2,type_2,color_2,x_2,y_2,x_vel_2,y_vel_2,angle_2,kind,id_1,type_1,color_1,x_1,y_1,x_vel_1,y_vel_1,angle_1,id_2,type_2,color_2,x_2,y_2,x_vel_2,y_vel_2,angle_2,kind,id_1,type_1,color_1,x_1,y_1,x_vel_1,y_vel_1,angle_1,id_2,type_2,color_2,x_2,y_2,x_vel_2,y_vel_2,angle_2,kind,id_1,type_1,color_1,x_1,y_1,x_vel_1,y_vel_1,angle_1,id_2,type_2,color_2,x_2,y_2,x_vel_2,y_vel_2,angle_2,kind,id_1,type_1,color_1,x_1,y_1,x_vel_1,y_vel_1,angle_1,id_2,type_2,color_2,x_2,y_2,x_vel_2,y_vel_2,angle_2,kind,id_1,type_1,color_1,x_1,y_1,x_vel_1,y_vel_1,angle_1,id_2,type_2,color_2,x_2,y_2,x_vel_2,y_vel_2,angle_2,kind,id_1,type_1,color_1,x_1,y_1,x_vel_1,y_vel_1,angle_1,id_2,type_2,color_2,x_2,y_2,x_vel_2,y_vel_2,angle_2,kind,id_1,type_1,color_1,x_1,y_1,x_vel_1,y_vel_1,angle_1,id_2,type_2,color_2,x_2,y_2,x_vel_2,y_vel_2,angle_2,kind,id_1,type_1,color_1,x_1,y_1,x_vel_1,y_vel_1,angle_1,id_2,type_2,color_2,x_2,y_2,x_vel_2,y_vel_2,angle_2,kind,id_1,type_1,color_1,x_1,y_1,x_vel_1,y_vel_1,angle_1,id_2,type_2,color_2,x_2,y_2,x_vel_2,y_vel_2,angle_2,kind,id_1,type_1,color_1,x_1,y_1,x_vel_1,y_vel_1,angle_1,id_2,type_2,color_2,x_2,y_2,x_vel_2,y_vel_2,angle_2,kind,id_1,type_1,color_1,x_1,y_1,x_vel_1,y_vel_1,angle_1,id_2,type_2,color_2,x_2,y_2,x_vel_2,y_vel_2,angle_2,kind,id_1,type_1,color_1,x_1,y_1,x_vel_1,y_vel_1,angle_1,id_2,type_2,color_2,x_2,y_2,x_vel_2,y_vel_2,angle_2,kind,id_1,type_1,color_1,x_1,y_1,x_vel_1,y_vel_1,angle_1,id_2,type_2,color_2,x_2,y_2,x_vel_2,y_vel_2,angle_2,kind,id_1,type_1,color_1,x_1,y_1,x_vel_1,y_vel_1,angle_1,id_2,type_2,color_2,x_2,y_2,x_vel_2,y_vel_2,angle_2,kind,id_1,type_1,color_1,x_1,y_1,x_vel_1,y_vel_1,angle_1,id_2,type_2,color_2,x_2,y_2,x_vel_2,y_vel_2,angle_2,kind,id_1,type_1,color_1,x_1,y_1,x_vel_1,y_vel_1,angle_1,id_2,type_2,color_2,x_2,y_2,x_vel_2,y_vel_2,angle_2,kind,id_1,type_1,color_1,x_1,y_1,x_vel_1,y_vel_1,angle_1,id_2,type_2,color_2,x_2,y_2,x_vel_2,y_vel_2,angle_2,kind,id_1,type_1,color_1,x_1,y_1,x_vel_1,y_vel_1,angle_1,id_2,type_2,color_2,x_2,y_2,x_vel_2,y_vel_2,angle_2,kind,id_1,type_1,color_1,x_1,y_1,x_vel_1,y_vel_1,angle_1,id_2,type_2,color_2,x_2,y_2,x_vel_2,y_vel_2,angle_2,kind,id_1,type_1,color_1,x_1,y_1,x_vel_1,y_vel_1,angle_1,id_2,type_2,color_2,x_2,y_2,x_vel_2,y_vel_2,angle_2,kind,id_1,type_1,color_1,x_1,y_1,x_vel_1,y_vel_1,angle_1,id_2,type_2,color_2,x_2,y_2,x_vel_2,y_vel_2,angle_2,kind,id_1,type_1,color_1,x_1,y_1,x_vel_1,y_vel_1,angle_1,id_2,type_2,color_2,x_2,y_2,x_vel_2,y_vel_2,angle_2,kind,id_1,type_1,color_1,x_1,y_1,x_vel_1,y_vel_1,angle_1,id_2,type_2,color_2,x_2,y_2,x_vel_2,y_vel_2,angle_2,kind,id_1,type_1,color_1,x_1,y_1,x_vel_1,y_vel_1,angle_1,id_2,type_2,color_2,x_2,y_2,x_vel_2,y_vel_2,angle_2,kind,id_1,type_1,color_1,x_1,y_1,x_vel_1,y_vel_1,angle_1,id_2,type_2,color_2,x_2,y_2,x_vel_2,y_vel_2,angle_2,kind,id_1,type_1,color_1,x_1,y_1,x_vel_1,y_vel_1,angle_1,id_2,type_2,color_2,x_2,y_2,x_vel_2,y_vel_2,angle_2,kind,id_1,type_1,color_1,x_1,y_1,x_vel_1,y_vel_1,angle_1,id_2,type_2,color_2,x_2,y_2,x_vel_2,y_vel_2,angle_2,kind,id_1,type_1,color_1,x_1,y_1,x_vel_1,y_vel_1,angle_1,id_2,type_2,color_2,x_2,y_2,x_vel_2,y_vel_2,angle_2,kind,id_1,type_1,color_1,x_1,y_1,x_vel_1,y_vel_1,angle_1,id_2,type_2,color_2,x_2,y_2,x_vel_2,y_vel_2,angle_2,kind,id_1,type_1,color_1,x_1,y_1,x_vel_1,y_vel_1,angle_1,id_2,type_2,color_2,x_2,y_2,x_vel_2,y_vel_2,angle_2,kind,id_1,type_1,color_1,x_1,y_1,x_vel_1,y_vel_1,angle_1,id_2,type_2,color_2,x_2,y_2,x_vel_2,y_vel_2,angle_2,kind,id_1,type_1,color_1,x_1,y_1,x_vel_1,y_vel_1,angle_1,id_2,type_2,color_2,x_2,y_2,x_vel_2,y_vel_2,angle_2,kind,id_1,type_1,color_1,x_1,y_1,x_vel_1,y_vel_1,angle_1,id_2,type_2,color_2,x_2,y_2,x_vel_2,y_vel_2,angle_2,kind,id_1,type_1,color_1,x_1,y_1,x_vel_1,y_vel_1,angle_1,id_2,type_2,color_2,x_2,y_2,x_vel_2,y_vel_2,angle_2,kind,id_1,type_1,color_1,x_1,y_1,x_vel_1,y_vel_1,angle_1,id_2,type_2,color_2,x_2,y_2,x_vel_2,y_vel_2,angle_2,kind,id_1,type_1,color_1,x_1,y_1,x_vel_1,y_vel_1,angle_1,id_2,type_2,color_2,x_2,y_2,x_vel_2,y_vel_2,angle_2,kind,id_1,type_1,color_1,x_1,y_1,x_vel_1,y_vel_1,angle_1,id_2,type_2,color_2,x_2,y_2,x_vel_2,y_vel_2,angle_2,kind,id_1,type_1,color_1,x_1,y_1,x_vel_1,y_vel_1,angle_1,id_2,type_2,color_2,x_2,y_2,x_vel_2,y_vel_2,angle_2,kind,id_1,type_1,color_1,x_1,y_1,x_vel_1,y_vel_1,angle_1,id_2,type_2,color_2,x_2,y_2,x_vel_2,y_vel_2,angle_2,kind,id_1,type_1,color_1,x_1,y_1,x_vel_1,y_vel_1,angle_1,id_2,type_2,color_2,x_2,y_2,x_vel_2,y_vel_2,angle_2,kind,id_1,type_1,color_1,x_1,y_1,x_vel_1,y_vel_1,angle_1,id_2,type_2,color_2,x_2,y_2,x_vel_2,y_vel_2,angle_2,kind,id_1,type_1,color_1,x_1,y_1,x_vel_1,y_vel_1,angle_1,id_2,type_2,color_2,x_2,y_2,x_vel_2,y_vel_2,angle_2,kind,id_1,type_1,color_1,x_1,y_1,x_vel_1,y_vel_1,angle_1,id_2,type_2,color_2,x_2,y_2,x_vel_2,y_vel_2,angle_2,kind,id_1,type_1,color_1,x_1,y_1,x_vel_1,y_vel_1,angle_1,id_2,type_2,color_2,x_2,y_2,x_vel_2,y_vel_2,angle_2,kind,id_1,type_1,color_1,x_1,y_1,x_vel_1,y_vel_1,angle_1,id_2,type_2,color_2,x_2,y_2,x_vel_2,y_vel_2,angle_2,kind,id_1,type_1,color_1,x_1,y_1,x_vel_1,y_vel_1,angle_1,id_2,type_2,color_2,x_2,y_2,x_vel_2,y_vel_2,angle_2,kind,id_1,type_1,color_1,x_1,y_1,x_vel_1,y_vel_1,angle_1,id_2,type_2,color_2,x_2,y_2,x_vel_2,y_vel_2,angle_2,kind,id_1,type_1,color_1,x_1,y_1,x_vel_1,y_vel_1,angle_1,id_2,type_2,color_2,x_2,y_2,x_vel_2,y_vel_2,angle_2,kind,id_1,type_1,color_1,x_1,y_1,x_vel_1,y_vel_1,angle_1,id_2,type_2,color_2,x_2,y_2,x_vel_2,y_vel_2,angle_2,kind,id_1,type_1,color_1,x_1,y_1,x_vel_1,y_vel_1,angle_1,id_2,type_2,color_2,x_2,y_2,x_vel_2,y_vel_2,angle_2,kind,id_1,type_1,color_1,x_1,y_1,x_vel_1,y_vel_1,angle_1,id_2,type_2,color_2,x_2,y_2,x_vel_2,y_vel_2,angle_2,kind,id_1,type_1,color_1,x_1,y_1,x_vel_1,y_vel_1,angle_1,id_2,type_2,color_2,x_2,y_2,x_vel_2,y_vel_2,angle_2,kind,id_1,type_1,color_1,x_1,y_1,x_vel_1,y_vel_1,angle_1,id_2,type_2,color_2,x_2,y_2,x_vel_2,y_vel_2,angle_2,kind,id_1,type_1,color_1,x_1,y_1,x_vel_1,y_vel_1,angle_1,id_2,type_2,color_2,x_2,y_2,x_vel_2,y_vel_2,angle_2,kind,id_1,type_1,color_1,x_1,y_1,x_vel_1,y_vel_1,angle_1,id_2,type_2,color_2,x_2,y_2,x_vel_2,y_vel_2,angle_2,kind,id_1,type_1,color_1,x_1,y_1,x_vel_1,y_vel_1,angle_1,id_2,type_2,color_2,x_2,y_2,x_vel_2,y_vel_2,angle_2,kind,id_1,type_1,color_1,x_1,y_1,x_vel_1,y_vel_1,angle_1,id_2,type_2,color_2,x_2,y_2,x_vel_2,y_vel_2,angle_2,kind,id_1,type_1,color_1,x_1,y_1,x_vel_1,y_vel_1,angle_1,id_2,type_2,color_2,x_2,y_2,x_vel_2,y_vel_2,angle_2,kind,id_1,type_1,color_1,x_1,y_1,x_vel_1,y_vel_1,angle_1,id_2,type_2,color_2,x_2,y_2,x_vel_2,y_vel_2,angle_2,kind,id_1,type_1,color_1,x_1,y_1,x_vel_1,y_vel_1,angle_1,id_2,type_2,color_2,x_2,y_2,x_vel_2,y_vel_2,angle_2,kind,id_1,type_1,color_1,x_1,y_1,x_vel_1,y_vel_1,angle_1,id_2,type_2,color_2,x_2,y_2,x_vel_2,y_vel_2,angle_2,kind,id_1,type_1,color_1,x_1,y_1,x_vel_1,y_vel_1,angle_1,id_2,type_2,color_2,x_2,y_2,x_vel_2,y_vel_2,angle_2,kind,id_1,type_1,color_1,x_1,y_1,x_vel_1,y_vel_1,angle_1,id_2,type_2,color_2,x_2,y_2,x_vel_2,y_vel_2,angle_2,kind,id_1,type_1,color_1,x_1,y_1,x_vel_1,y_vel_1,angle_1,id_2,type_2,color_2,x_2,y_2,x_vel_2,y_vel_2,angle_2,kind,id_1,type_1,color_1,x_1,y_1,x_vel_1,y_vel_1,angle_1,id_2,type_2,color_2,x_2,y_2,x_vel_2,y_vel_2,angle_2,kind,id_1,type_1,color_1,x_1,y_1,x_vel_1,y_vel_1,angle_1,id_2,type_2,color_2,x_2,y_2,x_vel_2,y_vel_2,angle_2,kind,id_1,type_1,color_1,x_1,y_1,x_vel_1,y_vel_1,angle_1,id_2,type_2,color_2,x_2,y_2,x_vel_2,y_vel_2,angle_2,kind,id_1,type_1,color_1,x_1,y_1,x_vel_1,y_vel_1,angle_1,id_2,type_2,color_2,x_2,y_2,x_vel_2,y_vel_2,angle_2,kind,id_1,type_1,color_1,x_1,y_1,x_vel_1,y_vel_1,angle_1,id_2,type_2,color_2,x_2,y_2,x_vel_2,y_vel_2,angle_2,kind,id_1,type_1,color_1,x_1,y_1,x_vel_1,y_vel_1,angle_1,id_2,type_2,color_2,x_2,y_2,x_vel_2,y_vel_2,angle_2,kind,id_1,type_1,color_1,x_1,y_1,x_vel_1,y_vel_1,angle_1,id_2,type_2,color_2,x_2,y_2,x_vel_2,y_vel_2,angle_2,kind,id_1,type_1,color_1,x_1,y_1,x_vel_1,y_vel_1,angle_1,id_2,type_2,color_2,x_2,y_2,x_vel_2,y_vel_2,angle_2,kind,id_1,type_1,color_1,x_1,y_1,x_vel_1,y_vel_1,angle_1,id_2,type_2,color_2,x_2,y_2,x_vel_2,y_vel_2,angle_2,kind,id_1,type_1,color_1,x_1,y_1,x_vel_1,y_vel_1,angle_1,id_2,type_2,color_2,x_2,y_2,x_vel_2,y_vel_2,angle_2,kind,id_1,type_1,color_1,x_1,y_1,x_vel_1,y_vel_1,angle_1,id_2,type_2,color_2,x_2,y_2,x_vel_2,y_vel_2,angle_2,kind,id_1,type_1,color_1,x_1,y_1,x_vel_1,y_vel_1,angle_1,id_2,type_2,color_2,x_2,y_2,x_vel_2,y_vel_2,angle_2,kind,id_1,type_1,color_1,x_1,y_1,x_vel_1,y_vel_1,angle_1,id_2,type_2,color_2,x_2,y_2,x_vel_2,y_vel_2,angle_2,kind,id_1,type_1,color_1,x_1,y_1,x_vel_1,y_vel_1,angle_1,id_2,type_2,color_2,x_2,y_2,x_vel_2,y_vel_2,angle_2,kind,id_1,type_1,color_1,x_1,y_1,x_vel_1,y_vel_1,angle_1,id_2,type_2,color_2,x_2,y_2,x_vel_2,y_vel_2,angle_2,kind,id_1,type_1,color_1,x_1,y_1,x_vel_1,y_vel_1,angle_1,id_2,type_2,color_2,x_2,y_2,x_vel_2,y_vel_2,angle_2,kind,id_1,type_1,color_1,x_1,y_1,x_vel_1,y_vel_1,angle_1,id_2,type_2,color_2,x_2,y_2,x_vel_2,y_vel_2,angle_2,kind,id_1,type_1,color_1,x_1,y_1,x_vel_1,y_vel_1,angle_1,id_2,type_2,color_2,x_2,y_2,x_vel_2,y_vel_2,angle_2,kind,id_1,type_1,color_1,x_1,y_1,x_vel_1,y_vel_1,angle_1,id_2,type_2,color_2,x_2,y_2,x_vel_2,y_vel_2,angle_2,kind,id_1,type_1,color_1,x_1,y_1,x_vel_1,y_vel_1,angle_1,id_2,type_2,color_2,x_2,y_2,x_vel_2,y_vel_2,angle_2,kind,id_1,type_1,color_1,x_1,y_1,x_vel_1,y_vel_1,angle_1,id_2,type_2,color_2,x_2,y_2,x_vel_2,y_vel_2,angle_2,kind,id_1,type_1,color_1,x_1,y_1,x_vel_1,y_vel_1,angle_1,id_2,type_2,color_2,x_2,y_2,x_vel_2,y_vel_2,angle_2,kind,id_1,type_1,color_1,x_1,y_1,x_vel_1,y_vel_1,angle_1,id_2,type_2,color_2,x_2,y_2,x_vel_2,y_vel_2,angle_2,kind,id_1,type_1,color_1,x_1,y_1,x_vel_1,y_vel_1,angle_1,id_2,type_2,color_2,x_2,y_2,x_vel_2,y_vel_2,angle_2,kind,id_1,type_1,color_1,x_1,y_1,x_vel_1,y_vel_1,angle_1,id_2,type_2,color_2,x_2,y_2,x_vel_2,y_vel_2,angle_2,kind,id_1,type_1,color_1,x_1,y_1,x_vel_1,y_vel_1,angle_1,id_2,type_2,color_2,x_2,y_2,x_vel_2,y_vel_2,angle_2,kind,id_1,type_1,color_1,x_1,y_1,x_vel_1,y_vel_1,angle_1,id_2,type_2,color_2,x_2,y_2,x_vel_2,y_vel_2,angle_2,kind,id_1,type_1,color_1,x_1,y_1,x_vel_1,y_vel_1,angle_1,id_2,type_2,color_2,x_2,y_2,x_vel_2,y_vel_2,angle_2,kind,id_1,type_1,color_1,x_1,y_1,x_vel_1,y_vel_1,angle_1,id_2,type_2,color_2,x_2,y_2,x_vel_2,y_vel_2,angle_2,kind,id_1,type_1,color_1,x_1,y_1,x_vel_1,y_vel_1,angle_1,id_2,type_2,color_2,x_2,y_2,x_vel_2,y_vel_2,angle_2,kind,id_1,type_1,color_1,x_1,y_1,x_vel_1,y_vel_1,angle_1,id_2,type_2,color_2,x_2,y_2,x_vel_2,y_vel_2,angle_2,kind,id_1,type_1,color_1,x_1,y_1,x_vel_1,y_vel_1,angle_1,id_2,type_2,color_2,x_2,y_2,x_vel_2,y_vel_2,angle_2,kind,id_1,type_1,color_1,x_1,y_1,x_vel_1,y_vel_1,angle_1,id_2,type_2,color_2,x_2,y_2,x_vel_2,y_vel_2,angle_2,kind,id_1,type_1,color_1,x_1,y_1,x_vel_1,y_vel_1,angle_1,id_2,type_2,color_2,x_2,y_2,x_vel_2,y_vel_2,angle_2,kind,id_1,type_1,color_1,x_1,y_1,x_vel_1,y_vel_1,angle_1,id_2,type_2,color_2,x_2,y_2,x_vel_2,y_vel_2,angle_2,kind,id_1,type_1,color_1,x_1,y_1,x_vel_1,y_vel_1,angle_1,id_2,type_2,color_2,x_2,y_2,x_vel_2,y_vel_2,angle_2,kind,id_1,type_1,color_1,x_1,y_1,x_vel_1,y_vel_1,angle_1,id_2,type_2,color_2,x_2,y_2,x_vel_2,y_vel_2,angle_2,kind,id_1,type_1,color_1,x_1,y_1,x_vel_1,y_vel_1,angle_1,id_2,type_2,color_2,x_2,y_2,x_vel_2,y_vel_2,angle_2,kind,id_1,type_1,color_1,x_1,y_1,x_vel_1,y_vel_1,angle_1,id_2,type_2,color_2,x_2,y_2,x_vel_2,y_vel_2,angle_2,kind,id_1,type_1,color_1,x_1,y_1,x_vel_1,y_vel_1,angle_1,id_2,type_2,color_2,x_2,y_2,x_vel_2,y_vel_2,angle_2,kind,id_1,type_1,color_1,x_1,y_1,x_vel_1,y_vel_1,angle_1,id_2,type_2,color_2,x_2,y_2,x_vel_2,y_vel_2,angle_2,kind,id_1,type_1,color_1,x_1,y_1,x_vel_1,y_vel_1,angle_1,id_2,type_2,color_2,x_2,y_2,x_vel_2,y_vel_2,angle_2,kind,id_1,type_1,color_1,x_1,y_1,x_vel_1,y_vel_1,angle_1,id_2,type_2,color_2,x_2,y_2,x_vel_2,y_vel_2,angle_2,kind,id_1,type_1,color_1,x_1,y_1,x_vel_1,y_vel_1,angle_1,id_2,type_2,color_2,x_2,y_2,x_vel_2,y_vel_2,angle_2,kind,id_1,type_1,color_1,x_1,y_1,x_vel_1,y_vel_1,angle_1,id_2,type_2,color_2,x_2,y_2,x_vel_2,y_vel_2,angle_2,kind,id_1,type_1,color_1,x_1,y_1,x_vel_1,y_vel_1,angle_1,id_2,type_2,color_2,x_2,y_2,x_vel_2,y_vel_2,angle_2,kind,id_1,type_1,color_1,x_1,y_1,x_vel_1,y_vel_1,angle_1,id_2,type_2,color_2,x_2,y_2,x_vel_2,y_vel_2,angle_2,kind,id_1,type_1,color_1,x_1,y_1,x_vel_1,y_vel_1,angle_1,id_2,type_2,color_2,x_2,y_2,x_vel_2,y_vel_2,angle_2,kind,id_1,type_1,color_1,x_1,y_1,x_vel_1,y_vel_1,angle_1,id_2,type_2,color_2,x_2,y_2,x_vel_2,y_vel_2,angle_2,kind,id_1,type_1,color_1,x_1,y_1,x_vel_1,y_vel_1,angle_1,id_2,type_2,color_2,x_2,y_2,x_vel_2,y_vel_2,angle_2,kind,id_1,type_1,color_1,x_1,y_1,x_vel_1,y_vel_1,angle_1,id_2,type_2,color_2,x_2,y_2,x_vel_2,y_vel_2,angle_2,kind,id_1,type_1,color_1,x_1,y_1,x_vel_1,y_vel_1,angle_1,id_2,type_2,color_2,x_2,y_2,x_vel_2,y_vel_2,angle_2,kind,id_1,type_1,color_1,x_1,y_1,x_vel_1,y_vel_1,angle_1,id_2,type_2,color_2,x_2,y_2,x_vel_2,y_vel_2,angle_2,kind,id_1,type_1,color_1,x_1,y_1,x_vel_1,y_vel_1,angle_1,id_2,type_2,color_2,x_2,y_2,x_vel_2,y_vel_2,angle_2,id_1,type_1,color_1,x_1,y_1,x_vel_1,y_vel_1,angle_1,id_2,type_2,color_2,x_2,y_2,x_vel_2,y_vel_2,angle_2
False,0,False,,,,,,,,,True,begin,6,bar,Gray,9.36667,15.3178,0,0,0,7,circle,Green,1.93667,16.8278,0,0,0
False,0,False,,,,,,,,,True,begin,6,bar,Gray,9.36667,15.3178,0,0,0,5,circle,Gray,11.7833,11.6411,0,0,0
False,0,False,,,,,,,,,True,begin,4,bar,Black,14.9333,7.96444,0,0,0,5,circle,Gray,11.7833,11.6411,0,0,0
False,0,True,12,User Circle,Red,13.1667,21.8306,0,-0.163333,0,False
False,0,True,11,circle,Blue,36.1067,5.06587,0,-0.163333,0,False
False,0,True,10,jar,Gray,36.1067,5.3612,0,-0.163333,0,False
False,0,True,7,circle,Green,1.93662,16.8259,-0.00295769,-0.143986,-9.05857e-05,False
False,0,True,6,bar,Gray,9.36662,15.3177,-0.00250639,-0.0353385,0.000345559,False
False,0,True,5,circle,Gray,11.7834,11.6419,0.00190291,-3.46512e-09,-9.77354e-06,False
False,7,False,,,,,,,,,True,begin,9,bar,Black,36.257,1.0393,0,0,0.0290888,10,jar,Gray,36.1067,5.27188,0,-1.30667,0
False,7,False,,,,,,,,,True,begin,9,bar,Black,36.257,1.0393,0,0,0.0290888,10,jar,Gray,36.1067,5.27188,0,-1.30667,0
False,7,True,12,User Circle,Red,13.1667,21.7353,0,-1.30667,0,False
False,7,True,11,circle,Blue,36.1067,4.97059,0,-1.30667,0,False
False,7,True,10,jar,Gray,36.1044,5.27784,-0.4486,-0.119181,0.00165789,False
False,7,True,7,circle,Green,1.93496,16.7441,-0.0219234,-1.14904,-0.003095,False
False,7,True,6,bar,Gray,9.36514,15.3003,-0.0202214,-0.280292,0.00940513,False
False,7,True,5,circle,Gray,11.7844,11.6445,0.0141687,-4.8422e-09,-0.000338048,False
False,18,False,,,,,,,,,True,begin,9,bar,Black,36.257,1.0393,0,0,0.0290888,10,jar,Gray,36.0008,5.18784,-0.819167,-0.742499,0.0298271
False,18,True,12,User Circle,Red,13.1667,21.3161,0,-3.10333,0,False
False,18,True,11,circle,Blue,36.1067,4.55137,0,-3.10333,0,False
False,18,True,10,jar,Gray,35.9956,5.19729,-0.313678,0.566723,0.0311577,False
False,18,True,7,circle,Green,1.92937,16.3786,-0.0321006,-2.70098,-0.0123169,False
False,18,True,6,bar,Gray,9.35848,15.2149,-0.0496175,-0.639146,0.0474323,False
False,18,True,5,circle,Gray,11.7882,11.6456,0.0221638,6.61035e-09,-0.00147657,False
False,19,False,,,,,,,,,True,end,9,bar,Black,36.257,1.0393,0,0,0.0290888,10,jar,Gray,35.9956,5.19729,-0.313678,0.566723,0.0311577
False,19,True,12,User Circle,Red,13.1667,21.2617,0,-3.26667,0,False
False,19,True,11,circle,Blue,36.1067,4.49692,0,-3.26667,0,False
False,19,True,10,jar,Gray,35.9903,5.20401,-0.313678,0.40339,0.032488,False
False,19,True,7,circle,Green,1.92885,16.3313,-0.0310767,-2.83934,-0.0130307,False
False,19,True,6,bar,Gray,9.3576,15.2039,-0.0525074,-0.669073,0.0523572,False
False,19,True,5,circle,Gray,11.7885,11.6457,0.0217631,5.65796e-09,-0.00158827,False
False,20,False,,,,,,,,,True,end,9,bar,Black,36.257,1.0393,0,0,0.0290888,10,jar,Gray,35.9903,5.20401,-0.313678,0.40339,0.032488
False,20,False,,,,,,,,,True,end,9,bar,Black,36.257,1.0393,0,0,0.0290888,10,jar,Gray,35.9903,5.20401,-0.313678,0.40339,0.032488
False,20,True,12,User Circle,Red,13.1667,21.2045,0,-3.43,0,False
False,20,True,11,circle,Blue,36.1067,4.43976,0,-3.43,0,False
False,20,True,10,jar,Gray,35.9851,5.20801,-0.313678,0.240056,0.0338182,False
False,20,True,7,circle,Green,1.92836,16.2817,-0.0296513,-2.97713,-0.0136597,False
False,20,True,6,bar,Gray,9.35666,15.1924,-0.0554603,-0.698416,0.0575296,False
False,20,True,5,circle,Gray,11.7889,11.6457,0.0211274,-6.63253e-09,-0.0016967,False
False,22,False,,,,,,,,,True,begin,9,bar,Black,36.257,1.0393,0,0,0.0290888,10,jar,Gray,35.9799,5.20929,-0.313678,0.0767229,0.0351481
False,22,False,,,,,,,,,True,begin,9,bar,Black,36.257,1.0393,0,0,0.0290888,10,jar,Gray,35.9799,5.20929,-0.313678,0.0767229,0.0351481
False,22,True,12,User Circle,Red,13.1667,21.082,0,-3.75667,0,False
False,22,True,11,circle,Blue,36.1067,4.31726,0,-3.75667,0,False
False,22,True,10,jar,Gray,35.9763,5.21217,-0.215982,0.172914,0.0360876,False
False,22,True,7,circle,Green,1.92746,16.1757,-0.025534,-3.25087,-0.0145908,False
False,22,True,6,bar,Gray,9.35465,15.1679,-0.0615913,-0.755225,0.0686191,False
False,22,True,5,circle,Gray,11.7895,11.6458,0.0191116,4.34404e-09,-0.00189871,False
False,27,False,,,,,,,,,True,begin,10,jar,Gray,35.9695,5.21762,-0.0340753,0.0271372,0.037866,11,circle,Blue,36.1067,4.03959,0,-4.41,0
False,27,True,12,User Circle,Red,13.1667,20.7281,0,-4.57333,0,False
False,27,True,11,circle,Blue,36.1054,4.04539,-0.0767692,0.287578,0.00202801,False
False,27,True,10,jar,Gray,35.9811,5.20791,0.69611,-0.554207,0.0348422,False
False,27,True,7,circle,Green,1.92615,15.8712,-0.00720715,-3.92329,-0.0140735,False
False,27,True,6,bar,Gray,9.34864,15.0989,-0.078764,-0.884771,0.100711,False
False,27,True,5,circle,Gray,11.7907,11.6459,0.0092969,9.7145e-10,-0.00225271,False
False,28,False,,,,,,,,,True,begin,6,bar,Gray,9.34864,15.0989,-0.078764,-0.884771,0.100711,12,User Circle,Red,13.1667,20.7281,0,-4.57333,0
False,28,True,12,User Circle,Red,13.163,20.7205,-0.169642,-0.993246,0.00142374,False
False,28,True,11,circle,Blue,36.1041,4.04746,-0.0767692,0.124245,0.00405569,False
False,28,True,10,jar,Gray,35.9934,5.19803,0.739948,-0.592805,0.0316224,False
False,28,True,7,circle,Green,1.91511,15.9444,-0.580964,3.49502,-0.00768304,False
False,28,True,6,bar,Gray,9.34827,15.1033,-0.0570056,0.632449,0.0904491,False
False,28,True,5,circle,Gray,11.7911,11.6424,-0.0803902,-3.27826e-07,-0.00184012,False
False,29,False,,,,,,,,,True,end,10,jar,Gray,35.9934,5.19803,0.739948,-0.592805,0.0316224,11,circle,Blue,36.1041,4.04746,-0.0767692,0.124245,0.00405569
False,29,True,12,User Circle,Red,13.1597,20.716,-0.197872,-0.315513,0.00317659,False
False,29,True,11,circle,Blue,36.1028,4.04681,-0.0767692,-0.0390884,0.00608302,False
False,29,True,10,jar,Gray,36.0065,5.18749,0.783643,-0.631955,0.0282036,False
False,29,True,7,circle,Green,1.90293,16.0352,-0.720032,5.31545,-4.80721e-05,False
False,29,True,6,bar,Gray,9.34648,15.1286,-0.091956,1.32704,0.0818093,False
False,29,True,5,circle,Gray,11.7896,11.6435,-0.104121,1.04308e-07,-0.00130545,False
False,30,False,,,,,,,,,True,begin,9,bar,Black,36.257,1.0393,0,0,0.0290888,10,jar,Gray,36.0065,5.18749,0.783643,-0.631955,0.0282036
False,30,True,12,User Circle,Red,13.1564,20.7081,-0.197872,-0.478846,0.00492914,False
False,30,True,11,circle,Blue,36.1015,4.04344,-0.0767692,-0.202422,0.00811002,False
False,30,True,10,jar,Gray,36.0106,5.19629,0.247166,0.527521,0.0270282,False
False,30,True,7,circle,Green,1.89092,16.1212,-0.720032,5.15211,0.00758563,False
False,30,True,6,bar,Gray,9.34487,15.149,-0.091956,1.16371,0.0731138,False
False,30,True,5,circle,Gray,11.7879,11.6437,-0.104121,-4.48199e-09,-0.000770867,False
False,31,False,,,,,,,,,True,end,9,bar,Black,36.257,1.0393,0,0,0.0290888,10,jar,Gray,36.0106,5.19629,0.247166,0.527521,0.0270282
False,31,True,12,User Circle,Red,13.1531,20.6974,-0.197872,-0.64218,0.00668141,False
False,31,True,11,circle,Blue,36.1002,4.03734,-0.0767692,-0.365755,0.0101367,False
False,31,True,10,jar,Gray,36.0147,5.20236,0.247166,0.364187,0.0258531,False
False,31,True,7,circle,Green,1.87892,16.2043,-0.720032,4.98878,0.0152181,False
False,31,True,6,bar,Gray,9.34342,15.1687,-0.0837062,1.12941,0.0646012,False
False,31,True,5,circle,Gray,11.7861,11.6438,-0.111686,2.36919e-09,-0.000197461,False
False,32,False,,,,,,,,,True,begin,10,jar,Gray,36.0147,5.20236,0.247166,0.364187,0.0258531,11,circle,Blue,36.1002,4.03734,-0.0767692,-0.365755,0.0101367
False,32,False,,,,,,,,,True,end,6,bar,Gray,9.34342,15.1687,-0.0837062,1.12941,0.0646012,12,User Circle,Red,13.1531,20.6974,-0.197872,-0.64218,0.00668141
False,32,True,12,User Circle,Red,13.1498,20.6839,-0.197872,-0.805513,0.00843338,False
False,32,True,11,circle,Blue,36.0982,4.0405,-0.122731,0.135408,0.0116169,False
False,32,True,10,jar,Gray,36.0174,5.20435,0.160258,0.145167,0.0251176,False
False,32,True,7,circle,Green,1.86692,16.2848,-0.720032,4.82545,0.0228492,False
False,32,True,6,bar,Gray,9.34198,15.1881,-0.0840064,1.11373,0.0563079,False
False,32,True,5,circle,Gray,11.7842,11.644,-0.114291,-2.86292e-09,0.000389301,False
False,35,False,,,,,,,,,True,begin,6,bar,Gray,9.33904,15.2255,-0.0873566,1.07074,0.0404596,12,User Circle,Red,13.1432,20.6489,-0.197872,-1.13218,0.0119364
False,35,True,12,User Circle,Red,13.1395,20.6326,-0.221553,-0.980924,0.0136122,False
False,35,True,11,circle,Blue,36.0914,4.04378,-0.140434,-0.0221056,0.0156974,False
False,35,True,10,jar,Gray,36.0194,5.20529,-0.0215436,-0.019464,0.0245787,False
False,35,True,7,circle,Green,1.83246,16.52,-0.650328,4.89835,0.0493767,False
False,35,True,6,bar,Gray,9.33834,15.2451,-0.0410373,1.14829,0.0320177,False
False,35,True,5,circle,Gray,11.7785,11.6445,-0.107599,3.53903e-08,0.00215523,False
False,41,False,,,,,,,,,True,begin,9,bar,Black,36.257,1.0393,0,0,0.0290888,10,jar,Gray,36.0025,5.18935,-0.323981,-0.294661,0.0292349
False,41,True,12,User Circle,Red,13.1159,20.5539,-0.239901,-0.70263,0.0236759,False
False,41,True,11,circle,Blue,36.0755,4.03087,-0.163033,0.0472968,0.0227207,False
False,41,True,10,jar,Gray,36.0014,5.19012,-0.0611999,0.0496036,0.0295023,False
False,41,True,7,circle,Green,1.77146,17.0703,-0.565879,5.76247,0.12383,False
False,41,True,6,bar,Gray,9.33744,15.3798,0.016921,1.41829,-0.0233076,False
False,41,True,5,circle,Gray,11.7667,11.6449,-0.124956,2.1857e-08,0.00579985,False
False,63,False,,,,,,,,,True,end,6,bar,Gray,9.36701,15.8727,0.0790992,1.07793,-0.200547,7,circle,Green,1.64558,18.9952,-0.283199,4.29806,0.484686
False,63,True,12,User Circle,Red,13.0667,20.4896,0.0307784,0.113379,0.0439677,False
False,63,True,11,circle,Blue,36.0044,4.02926,-0.227497,-0.00671416,0.063431,False
False,63,True,10,jar,Gray,36.0014,5.18989,-8.22461e-10,-3.94424e-10,0.0295033,False
False,63,True,7,circle,Green,1.64086,19.0641,-0.283199,4.13473,0.502907,False
False,63,True,6,bar,Gray,9.36818,15.8895,0.0702749,1.01103,-0.206003,False
False,63,True,5,circle,Gray,11.7124,11.6448,-0.138418,-2.69793e-08,0.0222245,False
False,134,False,,,,,,,,,True,begin,6,bar,Gray,9.13206,15.3979,-0.234858,0.492268,-0.0293671,7,circle,Green,1.31046,17.1232,-0.283199,-7.29861,1.77092
False,134,True,12,User Circle,Red,13.8001,20.5261,0.914604,0.138064,-0.160181,False
False,134,True,11,circle,Blue,35.5992,4.0173,-0.453906,-0.0133952,0.295371,False
False,134,True,10,jar,Gray,36.0014,5.18989,7.66355e-10,-2.36871e-09,0.0295034,False
False,134,True,7,circle,Green,1.30151,17.1163,-0.537233,-0.410944,1.7749,False
False,134,True,6,bar,Gray,9.12865,15.3879,-0.204332,-0.600912,-0.0259225,False
False,134,True,5,circle,Gray,11.6602,11.6449,-0.0516475,1.11759e-07,0.0374964,False
False,135,False,,,,,,,,,True,end,6,bar,Gray,9.12865,15.3879,-0.204332,-0.600912,-0.0259225,7,circle,Green,1.30151,17.1163,-0.537233,-0.410944,1.7749
False,135,True,12,User Circle,Red,13.8156,20.5315,0.928846,0.314662,-0.164244,False
False,135,True,11,circle,Blue,35.5916,4.01708,-0.457089,-0.0134902,0.299732,False
False,135,True,10,jar,Gray,36.0014,5.18989,-7.45695e-10,5.18905e-10,0.0295034,False
False,135,True,7,circle,Green,1.29255,17.1068,-0.537233,-0.574278,1.77889,False
False,135,True,6,bar,Gray,9.12513,15.3829,-0.211401,-0.304735,-0.0238593,False
False,135,True,5,circle,Gray,11.6589,11.6449,-0.0730109,-2.42144e-08,0.0378712,False
False,141,False,,,,,,,,,True,begin,6,bar,Gray,9.10766,15.3692,-0.210889,-0.054308,-0.0182842,7,circle,Green,1.24778,17.0181,-0.537233,-1.39094,1.79882
False,141,True,12,User Circle,Red,13.9095,20.5438,0.943535,0.0709781,-0.188507,False
False,141,True,11,circle,Blue,35.5448,4.0157,-0.47618,-0.0140536,0.326538,False
False,141,True,10,jar,Gray,36.0014,5.18989,-1.29555e-09,-1.04177e-09,0.0295034,False
False,141,True,7,circle,Green,1.2393,17.0119,-0.509884,-0.412048,1.803,False
False,141,True,6,bar,Gray,9.10415,15.3664,-0.210258,-0.165997,-0.0172395,False
False,141,True,5,circle,Gray,11.6501,11.645,-0.0909436,2.51457e-08,0.0405988,False
False,162,False,,,,,,,,,True,begin,1,boundary,Black,-0.416667,21.3333,0,0,0,7,circle,Green,1.08886,17.2653,-0.377343,1.89102,1.88935
False,162,True,12,User Circle,Red,14.2506,20.4778,1.01039,-0.457555,-0.273307,False
False,162,True,11,circle,Blue,35.3659,4.01042,-0.542949,-0.016023,0.428961,False
False,162,True,10,jar,Gray,36.0014,5.18989,-7.6719e-10,2.17776e-10,0.0295034,False
False,162,True,7,circle,Green,1.08886,17.2971,2.858e-08,1.89699,1.89586,False
False,162,True,6,bar,Gray,9.02845,15.4382,-0.199612,0.484201,-0.0432821,False
False,162,True,5,circle,Gray,11.6054,11.6452,-0.14806,2.39816e-08,0.0543091,False
False,172,False,,,,,,,,,True,end,1,boundary,Black,-0.416667,21.3333,0,0,0,7,circle,Green,1.09501,17.6658,0.109151,2.89679,1.90109
False,172,True,12,User Circle,Red,14.425,20.3814,1.07257,-0.689348,-0.314071,False
False,172,True,11,circle,Blue,35.2725,4.00766,-0.574715,-0.0169604,0.482434,False
False,172,True,10,jar,Gray,36.0014,5.18989,-1.5782e-09,3.7179e-10,0.0295035,False
False,172,True,7,circle,Green,1.09721,17.7161,0.131132,3.00543,1.90131,False
False,172,True,6,bar,Gray,9.00141,15.5478,-0.146289,0.794892,-0.0819557,False
False,172,True,5,circle,Gray,11.5801,11.6453,-0.163695,1.80517e-08,0.0620723,False
False,182,False,,,,,,,,,True,begin,10,jar,Gray,36.0014,5.18989,3.97334e-10,-2.14824e-09,0.0295035,11,circle,Blue,35.1839,4.00505,-0.603289,-0.0178037,0.533151
False,182,True,12,User Circle,Red,14.6113,20.2498,1.16121,-0.865158,-0.35804,False
False,182,True,11,circle,Blue,35.1821,4.00702,-0.107475,0.11811,0.534311,False
False,182,True,10,jar,Gray,35.9999,5.18985,-0.0938052,-0.00272945,0.029503,False
False,182,True,7,circle,Green,1.14356,18.3106,0.413775,3.97816,1.90499,False
False,182,True,6,bar,Gray,8.98201,15.7096,-0.0885295,1.1009,-0.136019,False
False,182,True,5,circle,Gray,11.5498,11.6454,-0.193929,-9.19681e-09,0.0713224,False
False,270,False,,,,,,,,,True,end,6,bar,Gray,9.18777,17.4975,0.391853,0.942851,-0.603244,12,User Circle,Red,17.9975,17.8281,3.85208,-3.29247,-1.2596
False,270,True,12,User Circle,Red,18.0617,17.7705,3.85208,-3.45581,-1.27736,False
False,270,True,11,circle,Blue,35.1815,4.00701,0,0,0.534782,False
False,270,True,10,jar,Gray,35.9992,5.18982,0,0,0.0295002,False
False,270,True,7,circle,Green,3.88797,23.0455,3.36132,0.777364,0.866953,False
False,270,True,6,bar,Gray,9.1945,17.5118,0.403053,0.859226,-0.606684,False
False,270,True,5,circle,Gray,11.1894,11.6461,-0.159394,-5.28684e-09,0.181627,False
False,271,False,,,,,,,,,True,end,6,bar,Gray,9.1945,17.5118,0.403053,0.859226,-0.606684,7,circle,Green,3.88797,23.0455,3.36132,0.777364,0.866953
False,271,False,,,,,,,,,True,begin,6,bar,Gray,9.1945,17.5118,0.403053,0.859226,-0.606684,12,User Circle,Red,18.0617,17.7705,3.85208,-3.45581,-1.27736
False,271,True,12,User Circle,Red,18.1266,17.7123,3.88973,-3.4905,-1.29541,False
False,271,True,11,circle,Blue,35.1815,4.00701,0,0,0.534782,False
False,271,True,10,jar,Gray,35.9992,5.18982,0,0,0.0295002,False
False,271,True,7,circle,Green,3.94399,23.0557,3.36132,0.61403,0.830703,False
False,271,True,6,bar,Gray,9.20222,17.5274,0.462564,0.932708,-0.610438,False
False,271,True,5,circle,Gray,11.187,11.6461,-0.144593,-1.21072e-08,0.182369,False
False,272,False,,,,,,,,,True,begin,6,bar,Gray,9.20222,17.5274,0.462564,0.932708,-0.610438,7,circle,Green,3.94399,23.0557,3.36132,0.61403,0.830703
False,272,True,12,User Circle,Red,18.1924,17.654,3.94862,-3.50039,-1.31372,False
False,272,True,11,circle,Blue,35.1815,4.00701,0,0,0.534782,False
False,272,True,10,jar,Gray,35.9992,5.18982,0,0,0.0295002,False
False,272,True,7,circle,Green,4.00308,23.0697,3.54572,0.838101,0.792279,False
False,272,True,6,bar,Gray,9.20983,17.5431,0.455429,0.944322,-0.614177,False
False,272,True,5,circle,Gray,11.1845,11.6461,-0.148134,1.39698e-09,0.183129,False
False,281,False,,,,,,,,,True,end,6,bar,Gray,9.28581,17.6758,0.66786,1.01633,-0.646043,12,User Circle,Red,18.7395,17.1481,4.21156,-4.05228,-1.4674
False,281,True,12,User Circle,Red,18.8097,17.0779,4.21156,-4.21561,-1.48728,False
False,281,True,11,circle,Blue,35.1815,4.00701,0,0,0.534782,False
False,281,True,10,jar,Gray,35.9992,5.18982,0,0,0.0295002,False
False,281,True,7,circle,Green,4.58826,23.1779,4.12398,0.493666,0.413475,False
False,281,True,6,bar,Gray,9.29718,17.6912,0.68153,0.927116,-0.649961,False
False,281,True,5,circle,Gray,11.1662,11.6461,-0.09486,2.18444e-09,0.188754,False
False,282,False,,,,,,,,,True,begin,6,bar,Gray,9.29718,17.6912,0.68153,0.927116,-0.649961,12,User Circle,Red,18.8097,17.0779,4.21156,-4.21561,-1.48728
False,282,True,12,User Circle,Red,18.8805,17.0068,4.24463,-4.26246,-1.50745,False
False,282,True,11,circle,Blue,35.1815,4.00701,0,0,0.534782,False
False,282,True,10,jar,Gray,35.9992,5.18982,0,0,0.0295002,False
False,282,True,7,circle,Green,4.65858,23.1864,4.21889,0.507578,0.368223,False
False,282,True,6,bar,Gray,9.3093,17.7073,0.726318,0.965091,-0.654046,False
False,282,True,5,circle,Gray,11.165,11.6461,-0.0710911,2.8871e-08,0.189119,False
False,289,False,,,,,,,,,True,end,6,bar,Gray,9.39526,17.8134,0.952721,1.07125,-0.680875,7,circle,Green,5.11389,23.2382,4.74386,0.437745,0.0797094
False,289,True,12,User Circle,Red,19.3913,16.4774,4.45083,-4.80457,-1.65468,False
False,289,True,11,circle,Blue,35.1815,4.00701,0,0,0.534782,False
False,289,True,10,jar,Gray,35.9992,5.18982,0,0,0.0295002,False
False,289,True,7,circle,Green,5.19295,23.2428,4.74386,0.274411,0.0299895,False
False,289,True,6,bar,Gray,9.41218,17.8318,1.01521,1.09927,-0.685637,False
False,289,True,5,circle,Gray,11.1595,11.6461,-0.0147627,5.41331e-09,0.190824,False
False,290,False,,,,,,,,,True,begin,6,bar,Gray,9.41218,17.8318,1.01521,1.09927,-0.685637,7,circle,Green,5.19295,23.2428,4.74386,0.274411,0.0299895
False,290,False,,,,,,,,,True,end,6,bar,Gray,9.41218,17.8318,1.01521,1.09927,-0.685637,12,User Circle,Red,19.3913,16.4774,4.45083,-4.80457,-1.65468
False,290,True,12,User Circle,Red,19.4655,16.3946,4.45083,-4.9679,-1.67627,False
False,290,True,11,circle,Blue,35.1815,4.00701,0,0,0.534782,False
False,290,True,10,jar,Gray,35.9992,5.18982,0,0,0.0295002,False
False,290,True,7,circle,Green,5.27268,23.2462,4.78334,0.205445,-0.0206189,False
False,290,True,6,bar,Gray,9.42918,17.848,1.01952,0.975436,-0.690085,False
False,290,True,5,circle,Gray,11.1593,11.6461,-0.0104474,-9.26086e-11,0.190877,False
False,292,False,,,,,,,,,True,begin,6,bar,Gray,9.44645,17.8627,1.03524,0.880302,-0.694315,12,User Circle,Red,19.5397,16.3091,4.45083,-5.13123,-1.69786
False,292,True,12,User Circle,Red,19.6142,16.2219,4.46882,-5.235,-1.71962,False
False,292,True,11,circle,Blue,35.1815,4.00701,0,0,0.534782,False
False,292,True,10,jar,Gray,35.9992,5.18982,0,0,0.0295002,False
False,292,True,7,circle,Green,5.43263,23.2464,4.81373,-0.0338018,-0.122812,False
False,292,True,6,bar,Gray,9.46414,17.8775,1.06074,0.887017,-0.698576,False
False,292,True,5,circle,Gray,11.1595,11.6461,0.0221891,9.31323e-10,0.190794,False
False,294,False,,,,,,,,,True,end,6,bar,Gray,9.48214,17.8926,1.07918,0.906816,-0.702822,12,User Circle,Red,19.689,16.1329,4.48767,-5.3371,-1.74158
False,294,True,12,User Circle,Red,19.7638,16.0412,4.48767,-5.50044,-1.76354,False
False,294,True,11,circle,Blue,35.1815,4.00701,0,0,0.534782,False
False,294,True,10,jar,Gray,35.9992,5.18982,0,0,0.0295002,False
False,294,True,7,circle,Green,5.59457,23.2407,4.85837,-0.251648,-0.228175,False
False,294,True,6,bar,Gray,9.50041,17.9062,1.09545,0.81022,-0.706854,False
False,294,True,5,circle,Gray,11.1614,11.6461,0.0596452,-4.55063e-09,0.190203,False
False,296,False,,,,,,,,,True,end,6,bar,Gray,9.51895,17.9181,1.11173,0.712472,-0.710674,7,circle,Green,5.67555,23.2338,4.85837,-0.414982,-0.280843
False,296,True,12,User Circle,Red,19.9133,15.8497,4.48767,-5.8271,-1.80744,False
False,296,True,11,circle,Blue,35.1815,4.00701,0,0,0.534782,False
False,296,True,10,jar,Gray,35.9992,5.18982,0,0,0.0295002,False
False,296,True,7,circle,Green,5.75652,23.2241,4.85837,-0.578315,-0.333502,False
False,296,True,6,bar,Gray,9.53776,17.9283,1.12806,0.613917,-0.714284,False
False,296,True,5,circle,Gray,11.1636,11.6461,0.0676766,1.70921e-10,0.189529,False
False,317,False,,,,,,,,,True,begin,4,bar,Black,14.9333,7.96444,0,0,0,12,User Circle,Red,21.4663,13.218,4.48767,-9.2571,-2.26235
False,317,True,12,User Circle,Red,21.4876,13.2336,5.32241,1.68007,-2.26666,False
False,317,True,11,circle,Blue,35.1815,4.00701,0,0,0.534782,False
False,317,True,10,jar,Gray,35.9992,5.18982,0,0,0.0295002,False
False,317,True,7,circle,Green,7.45694,22.3929,4.85837,-4.00832,-1.43732,False
False,317,True,6,bar,Gray,9.99811,17.754,1.49481,-1.50093,-0.743548,False
False,317,True,5,circle,Gray,11.2006,11.6461,0.138879,-2.41457e-09,0.178135,False
False,318,False,,,,,,,,,True,end,4,bar,Black,14.9333,7.96444,0,0,0,12,User Circle,Red,21.4876,13.2336,5.32241,1.68007,-2.26666
False,318,True,12,User Circle,Red,21.5763,13.2589,5.32241,1.51673,-2.28485,False
False,318,True,11,circle,Blue,35.1815,4.00701,0,0,0.534782,False
False,318,True,10,jar,Gray,35.9992,5.18982,0,0,0.0295002,False
False,318,True,7,circle,Green,7.53792,22.3234,4.85837,-4.17165,-1.48979,False
False,318,True,6,bar,Gray,10.0233,17.7274,1.51423,-1.59669,-0.742729,False
False,318,True,5,circle,Gray,11.203,11.6461,0.142386,6.65838e-09,0.177405,False
False,351,False,,,,,,,,,True,begin,6,bar,Gray,11.0375,16.265,2.29818,-3.21061,-0.588944,7,circle,Green,10.129,18.6611,4.85837,-9.39831,-3.16411
False,351,True,12,User Circle,Red,24.5036,12.566,5.32241,-3.87327,-2.88356,False
False,351,True,11,circle,Blue,35.1815,4.00701,0,0,0.534782,False
False,351,True,10,jar,Gray,35.9992,5.18982,0,0,0.0295002,False
False,351,True,7,circle,Green,10.2291,18.557,5.65981,-6.778,-3.24296,False
False,351,True,6,bar,Gray,11.0735,16.2078,2.18056,-3.40162,-0.577383,False
False,351,True,5,circle,Gray,11.3363,11.6456,0.460869,-3.83898e-09,0.135885,False
False,382,False,,,,,,,,,True,begin,10,jar,Gray,35.9992,5.18982,-1.3357e-09,-1.15363e-09,0.0295001,12,User Circle,Red,27.1648,9.36349,5.32241,-8.77327,-3.42499
False,382,True,12,User Circle,Red,27.2328,9.22179,4.12233,-8.49743,-3.43907,False
False,382,True,11,circle,Blue,35.2,4.03711,1.08101,1.80327,0.527494,False
False,382,True,10,jar,Gray,36.0281,5.21419,1.59772,1.4475,0.0215099,False
False,382,True,7,circle,Green,14.023,16.7203,8.72199,1.37736,-6.28355,False
False,382,True,6,bar,Gray,12.0934,15.3138,1.96871,-0.0970225,-0.052878,False
False,382,True,5,circle,Gray,11.8556,11.6446,1.23354,-1.17302e-08,-0.0255604,False
False,383,False,,,,,,,,,True,end,9,bar,Black,36.257,1.0393,0,0,0.0290888,10,jar,Gray,36.0281,5.21419,1.59772,1.4475,0.0215099
False,383,True,12,User Circle,Red,27.3015,9.07745,4.12233,-8.66076,-3.45314,False
False,383,True,11,circle,Blue,35.218,4.06599,1.07608,1.73233,0.520151,False
False,383,True,10,jar,Gray,36.0537,5.23723,1.5391,1.3825,0.0144812,False
False,383,True,7,circle,Green,14.1687,16.7526,8.73765,1.74809,-6.39416,False
False,383,True,6,bar,Gray,12.1264,15.3148,1.97761,0.00977161,-0.0341207,False
False,383,True,5,circle,Gray,11.8761,11.6446,1.23222,-4.44737e-09,-0.0318858,False
False,403,False,,,,,,,,,True,begin,9,bar,Black,36.257,1.0393,0,0,0.0290888,12,User Circle,Red,28.3967,5.88493,2.64656,-11.2424,-3.67821
False,403,True,12,User Circle,Red,28.388,5.92692,-0.402974,2.28827,-3.6791,False
False,403,True,11,circle,Blue,35.79,4.54763,2.62322,0.882252,0.397549,False
False,403,True,10,jar,Gray,36.7644,5.61003,2.85642,0.669984,-0.107065,False
False,403,True,7,circle,Green,16.9585,18.3098,7.86065,6.05249,-8.6514,False
False,403,True,6,bar,Gray,12.7746,15.5937,1.86591,1.20319,0.268841,False
False,403,True,5,circle,Gray,12.288,11.645,1.22375,9.10951e-09,-0.158371,False
False,404,False,,,,,,,,,True,end,9,bar,Black,36.257,1.0393,0,0,0.0290888,12,User Circle,Red,28.388,5.92692,-0.402974,2.28827,-3.6791
False,404,False,,,,,,,,,True,end,10,jar,Gray,36.7644,5.61003,2.85642,0.669984,-0.107065,12,User Circle,Red,28.388,5.92692,-0.402974,2.28827,-3.6791
False,404,True,12,User Circle,Red,28.3813,5.96233,-0.402974,2.12494,-3.68015,False
False,404,True,11,circle,Blue,35.8338,4.5615,2.61057,0.831333,0.393436,False
False,404,True,10,jar,Gray,36.8103,5.62061,2.76461,0.635732,-0.110542,False
False,404,True,7,circle,Green,17.0882,18.4128,7.80419,6.10659,-8.76466,False
False,404,True,6,bar,Gray,12.8055,15.6142,1.85526,1.21373,0.279735,False
False,404,True,5,circle,Gray,12.3084,11.645,1.22024,1.30884e-08,-0.164634,False
False,408,False,,,,,,,,,True,end,10,jar,Gray,36.9393,5.64908,2.48676,0.53771,-0.119911,11,circle,Blue,35.9631,4.59803,2.57219,0.678938,0.378209
False,408,True,12,User Circle,Red,28.3544,6.07677,-0.402974,1.47161,-3.68433,False
False,408,True,11,circle,Blue,36.0057,4.60851,2.55926,0.62843,0.372144,False
False,408,True,10,jar,Gray,36.9792,5.65752,2.39337,0.506474,-0.122695,False
False,408,True,7,circle,Green,17.5984,18.8293,7.59902,6.20544,-9.21598,False
False,408,True,6,bar,Gray,12.9271,15.6968,1.81405,1.22204,0.319288,False
False,408,True,5,circle,Gray,12.3893,11.6451,1.20093,-1.43188e-08,-0.189454,False
False,433,False,,,,,,,,,True,begin,9,bar,Black,36.257,1.0393,0,0,0.0290888,12,User Circle,Red,28.1879,5.8139,-0.402974,-2.61173,-3.71018
False,433,True,12,User Circle,Red,28.1818,5.82327,-0.863139,0.176971,-3.70967,False
False,433,True,11,circle,Blue,36.9993,4.61572,2.2191,-0.48489,0.0408561,False
False,433,True,10,jar,Gray,37.4547,5.72233,-0.0438199,-0.139606,-0.14256,False
False,433,True,7,circle,Green,20.6172,21.1036,7.1497,4.1667,-11.9032,False
False,433,True,6,bar,Gray,13.6363,16.1027,1.61777,0.616821,0.444442,False
False,433,True,5,circle,Gray,12.839,11.6459,0.929652,-2.27264e-09,-0.327617,False
False,435,False,,,,,,,,,True,end,9,bar,Black,36.257,1.0393,0,0,0.0290888,12,User Circle,Red,28.1674,5.82349,-0.863139,0.0136375,-3.70708
False,435,True,12,User Circle,Red,28.153,5.821,-0.863139,-0.149696,-3.70449,False
False,435,True,11,circle,Blue,37.0726,4.59786,2.19081,-0.552212,-0.00159132,False
False,435,True,10,jar,Gray,37.4482,5.7165,-0.246263,-0.186696,-0.140324,False
False,435,True,7,circle,Green,20.8554,21.2352,7.15013,3.86274,-12.1063,False
False,435,True,6,bar,Gray,13.6898,16.1217,1.60472,0.551961,0.447073,False
False,435,True,5,circle,Gray,12.8694,11.6459,0.903063,3.47559e-09,-0.336953,False
False,436,False,,,,,,,,,True,end,6,bar,Gray,13.6898,16.1217,1.60472,0.551961,0.447073,7,circle,Green,20.8554,21.2352,7.15013,3.86274,-12.1063
False,436,True,12,User Circle,Red,28.1386,5.81578,-0.863139,-0.313029,-3.70191,False
False,436,True,11,circle,Blue,37.109,4.58806,2.18241,-0.588329,-0.0236144,False
False,436,True,10,jar,Gray,37.4426,5.71292,-0.335259,-0.215042,-0.138971,False
False,436,True,7,circle,Green,20.9746,21.2969,7.15013,3.69941,-12.2079,False
False,436,True,6,bar,Gray,13.7165,16.1304,1.59803,0.520633,0.448084,False
False,436,True,5,circle,Gray,12.8842,11.6459,0.890042,-5.83141e-09,-0.341521,False
False,439,False,,,,,,,,,True,begin,9,bar,Black,36.257,1.0393,0,0,0.0290888,12,User Circle,Red,28.1099,5.79718,-0.863139,-0.639696,-3.69674
False,439,True,12,User Circle,Red,28.0946,5.79133,-0.913679,-0.35139,-3.69336,False
False,439,True,11,circle,Blue,37.2186,4.55439,2.19789,-0.71598,-0.0909698,False
False,439,True,10,jar,Gray,37.4198,5.69817,-0.515981,-0.334457,-0.133443,False
False,439,True,7,circle,Green,21.3321,21.4655,7.15013,3.20941,-12.5124,False
False,439,True,6,bar,Gray,13.7957,16.1533,1.57939,0.422881,0.44987,False
False,439,True,5,circle,Gray,12.9274,11.646,0.850491,-3.02998e-10,-0.354819,False
False,458,False,,,,,,,,,True,begin,10,jar,Gray,37.0967,5.46898,-1.56144,-1.18953,-0.0528701,11,circle,Blue,37.8945,4.26363,2.29694,-1.09733,-0.529747
False,458,True,12,User Circle,Red,27.6897,5.6135,-1.61659,-0.792346,-3.6018,False
False,458,True,11,circle,Blue,37.8846,4.26859,-0.592622,0.298042,-0.533468,False
False,458,True,10,jar,Gray,37.0864,5.44723,-0.619113,-1.3047,-0.045441,False
False,458,True,7,circle,Green,23.5963,21.9646,7.15013,0.106074,-14.4372,False
False,458,True,6,bar,Gray,14.2799,16.1729,1.48815,-0.280781,0.417488,False
False,458,True,5,circle,Gray,13.1547,11.6461,0.601053,2.22872e-09,-0.424795,False
False,459,False,,,,,,,,,True,end,10,jar,Gray,37.0864,5.44723,-0.619113,-1.3047,-0.045441,11,circle,Blue,37.8846,4.26859,-0.592622,0.298042,-0.533468
False,459,True,12,User Circle,Red,27.6621,5.59977,-1.65498,-0.823923,-3.59542,False
False,459,True,11,circle,Blue,37.8747,4.27084,-0.592621,0.134709,-0.53719,False
False,459,True,10,jar,Gray,37.0749,5.42491,-0.688146,-1.33946,-0.0378995,False
False,459,True,7,circle,Green,23.7155,21.9636,7.15013,-0.0572598,-14.5383,False
False,459,True,6,bar,Gray,14.3046,16.1676,1.48351,-0.31971,0.413676,False
False,459,True,5,circle,Gray,13.1645,11.6461,0.588862,6.88582e-09,-0.427817,False
False,460,False,,,,,,,,,True,end,10,jar,Gray,37.0749,5.42491,-0.688146,-1.33946,-0.0378995,11,circle,Blue,37.8747,4.27084,-0.592621,0.134709,-0.53719
False,460,True,12,User Circle,Red,27.6339,5.5855,-1.69344,-0.856565,-3.58888,False
False,460,True,11,circle,Blue,37.8648,4.27036,-0.592621,-0.0286245,-0.54091,False
False,460,True,10,jar,Gray,37.0623,5.40199,-0.756547,-1.37539,-0.0302419,False
False,460,True,7,circle,Green,23.8347,21.96,7.15013,-0.220593,-14.6394,False
False,460,True,6,bar,Gray,14.3292,16.1616,1.4788,-0.358632,0.409651,False
False,460,True,5,circle,Gray,13.1741,11.6461,0.576846,4.34444e-09,-0.430778,False
False,468,False,,,,,,,,,True,begin,9,bar,Black,36.257,1.0393,0,0,0.0290888,10,jar,Gray,36.9334,5.21012,-1.27971,-1.70766,0.0308806
False,468,True,12,User Circle,Red,27.3849,5.44936,-2.00163,-1.16061,-3.53016,False
False,468,True,11,circle,Blue,37.7858,4.16855,-0.592621,-1.33529,-0.570653,False
False,468,True,10,jar,Gray,36.9273,5.22717,-0.643914,1.17391,0.0312439,False
False,468,True,7,circle,Green,24.788,21.8325,7.15013,-1.52726,-15.4478,False
False,468,True,6,bar,Gray,14.5233,16.0906,1.43665,-0.666162,0.369752,False
False,468,True,5,circle,Gray,13.2442,11.6461,0.48835,-6.10398e-09,-0.452368,False
False,469,False,,,,,,,,,True,end,9,bar,Black,36.257,1.0393,0,0,0.0290888,10,jar,Gray,36.9273,5.22717,-0.643914,1.17391,0.0312439
False,469,False,,,,,,,,,True,end,9,bar,Black,36.257,1.0393,0,0,0.0290888,10,jar,Gray,36.9273,5.22717,-0.643914,1.17391,0.0312439
False,469,False,,,,,,,,,True,end,9,bar,Black,36.257,1.0393,0,0,0.0290888,10,jar,Gray,36.9273,5.22717,-0.643914,1.17391,0.0312439
False,469,True,12,User Circle,Red,27.3509,5.42929,-2.03986,-1.20459,-3.52199,False
False,469,True,11,circle,Blue,37.7759,4.14357,-0.592621,-1.49862,-0.574368,False
False,469,True,10,jar,Gray,36.9166,5.24401,-0.643914,1.01058,0.033973,False
False,469,True,7,circle,Green,24.9072,21.8044,7.15013,-1.69059,-15.5488,False
False,469,True,6,bar,Gray,14.5472,16.0789,1.43067,-0.703656,0.363796,False
False,469,True,5,circle,Gray,13.2522,11.6461,0.478404,-5.87983e-09,-0.454823,False
False,471,False,,,,,,,,,True,begin,10,jar,Gray,36.9059,5.25813,-0.643914,0.847244,0.0367017,11,circle,Blue,37.7661,4.11587,-0.592621,-1.66196,-0.578083
False,471,True,12,User Circle,Red,27.281,5.38684,-2.11578,-1.29697,-3.50507,False
False,471,True,11,circle,Blue,37.7584,4.12145,-0.460053,0.302147,-0.577807,False
False,471,True,10,jar,Gray,36.8941,5.25255,-0.706443,-0.319548,0.0383937,False
False,471,True,7,circle,Green,25.1455,21.7398,7.15013,-2.01726,-15.7507,False
False,471,True,6,bar,Gray,14.5946,16.0536,1.41813,-0.777651,0.351233,False
False,471,True,5,circle,Gray,13.2677,11.6461,0.459371,-2.82707e-09,-0.459587,False
False,473,False,,,,,,,,,True,begin,9,bar,Black,36.257,1.0393,0,0,0.0290888,10,jar,Gray,36.8823,5.2445,-0.706443,-0.482881,0.0400971
False,473,False,,,,,,,,,True,end,10,jar,Gray,36.8823,5.2445,-0.706443,-0.482881,0.0400971,11,circle,Blue,37.7507,4.12376,-0.460053,0.138813,-0.57753
False,473,False,,,,,,,,,True,begin,9,bar,Black,36.257,1.0393,0,0,0.0290888,10,jar,Gray,36.8823,5.2445,-0.706443,-0.482881,0.0400971
False,473,True,12,User Circle,Red,27.2086,5.34116,-2.19074,-1.39556,-3.48736,False
False,473,True,11,circle,Blue,37.743,4.12335,-0.460053,-0.0245203,-0.577254,False
False,473,True,10,jar,Gray,36.8766,5.24761,-0.342066,0.138826,0.0407426,False
False,473,True,7,circle,Green,25.3839,21.6644,7.15013,-2.34393,-15.9525,False
False,473,True,6,bar,Gray,14.6415,16.0258,1.40478,-0.850096,0.3378,False
False,473,True,5,circle,Gray,13.2825,11.6461,0.441546,-6.09311e-09,-0.464164,False
False,474,False,,,,,,,,,True,end,9,bar,Black,36.257,1.0393,0,0,0.0290888,12,User Circle,Red,27.2086,5.34116,-2.19074,-1.39556,-3.48736
False,474,False,,,,,,,,,True,begin,10,jar,Gray,36.8766,5.24761,-0.342066,0.138826,0.0407426,11,circle,Blue,37.743,4.12335,-0.460053,-0.0245203,-0.577254
False,474,True,12,User Circle,Red,27.1721,5.31517,-2.19074,-1.55889,-3.4784,False
False,474,True,11,circle,Blue,37.7365,4.12455,-0.395081,0.0720779,-0.575542,False
False,474,True,10,jar,Gray,36.872,5.24911,-0.276872,0.059374,0.0410094,False
False,474,True,7,circle,Green,25.503,21.6226,7.15013,-2.50726,-16.0534,False
False,474,True,6,bar,Gray,14.6648,16.0111,1.39779,-0.885648,0.330756,False
False,474,True,5,circle,Gray,13.2898,11.6461,0.433111,5.46527e-10,-0.466386,False
False,475,False,,,,,,,,,True,begin,9,bar,Black,36.257,1.0393,0,0,0.0290888,12,User Circle,Red,27.1721,5.31517,-2.19074,-1.55889,-3.4784
False,475,True,12,User Circle,Red,27.1344,5.29015,-2.26469,-1.50125,-3.46903,False
False,475,True,11,circle,Blue,37.73,4.12476,-0.38736,0.0124303,-0.573602,False
False,475,True,10,jar,Gray,36.8686,5.24968,-0.202751,0.0146724,0.0410611,False
False,475,True,7,circle,Green,25.6222,21.5781,7.15013,-2.67059,-16.1542,False
False,475,True,6,bar,Gray,14.688,15.9957,1.39058,-0.920705,0.323494,False
False,475,True,5,circle,Gray,13.2969,11.6461,0.425005,-1.32722e-09,-0.468568,False
False,482,False,,,,,,,,,True,end,9,bar,Black,36.257,1.0393,0,0,0.0290888,12,User Circle,Red,26.8955,5.11965,-2.4737,-1.8599,-3.4083
False,482,True,12,User Circle,Red,26.8543,5.08593,-2.4737,-2.02323,-3.39763,False
False,482,True,11,circle,Blue,37.6884,4.09861,-0.333035,-0.399955,-0.553681,False
False,482,True,10,jar,Gray,36.8795,5.23101,0.316101,-0.30037,0.0347957,False
False,482,True,7,circle,Green,26.4564,21.1903,7.15013,-3.81393,-16.8598,False
False,482,True,6,bar,Gray,14.8465,15.8728,1.33401,-1.14906,0.266501,False
False,482,True,5,circle,Gray,13.3431,11.6461,0.378186,-4.98147e-09,-0.482822,False
False,483,False,,,,,,,,,True,begin,9,bar,Black,36.257,1.0393,0,0,0.0290888,12,User Circle,Red,26.8543,5.08593,-2.4737,-2.02323,-3.39763
False,483,True,12,User Circle,Red,26.812,5.05267,-2.53794,-1.99562,-3.3865,False
False,483,True,11,circle,Blue,37.683,4.09098,-0.325223,-0.457818,-0.549947,False
False,483,True,10,jar,Gray,36.886,5.22524,0.389969,-0.346367,0.0329198,False
False,483,True,7,circle,Green,26.5756,21.1241,7.15013,-3.97726,-16.9606,False
False,483,True,6,bar,Gray,14.8686,15.8532,1.32509,-1.17878,0.257475,False
False,483,True,5,circle,Gray,13.3494,11.6461,0.373002,-6.74545e-09,-0.484737,False
False,486,False,,,,,,,,,True,begin,9,bar,Black,36.257,1.0393,0,0,0.0290888,10,jar,Gray,36.9027,5.21137,0.537293,-0.439681,0.0284198
False,486,True,12,User Circle,Red,26.6821,4.94568,-2.62664,-2.2141,-3.35168,False
False,486,True,11,circle,Blue,37.6664,4.07695,-0.368292,0.245718,-0.538266,False
False,486,True,10,jar,Gray,36.9036,5.21603,0.0545251,0.270103,0.0281688,False
False,486,True,7,circle,Green,26.9331,20.9089,7.15013,-4.46726,-17.2627,False
False,486,True,6,bar,Gray,14.9339,15.7915,1.2972,-1.2627,0.229068,False
False,486,True,5,circle,Gray,13.3676,11.6461,0.359842,-7.06797e-09,-0.49034,False
False,487,False,,,,,,,,,True,end,9,bar,Black,36.257,1.0393,0,0,0.0290888,10,jar,Gray,36.9036,5.21603,0.0545251,0.270103,0.0281688
False,487,False,,,,,,,,,True,end,9,bar,Black,36.257,1.0393,0,0,0.0290888,12,User Circle,Red,26.6821,4.94568,-2.62664,-2.2141,-3.35168
False,487,True,12,User Circle,Red,26.6384,4.90606,-2.62664,-2.37743,-3.33983,False
False,487,True,11,circle,Blue,37.6603,4.07832,-0.368275,0.0825341,-0.534694,False
False,487,True,10,jar,Gray,36.9045,5.21781,0.0545175,0.106699,0.0278893,False
False,487,True,7,circle,Green,27.0522,20.8317,7.15013,-4.63059,-17.3633,False
False,487,True,6,bar,Gray,14.9554,15.77,1.28757,-1.28879,0.219155,False
False,487,True,5,circle,Gray,13.3735,11.6461,0.356268,-2.53513e-09,-0.492169,False
False,488,False,,,,,,,,,True,begin,9,bar,Black,36.257,1.0393,0,0,0.0290888,12,User Circle,Red,26.6384,4.90606,-2.62664,-2.37743,-3.33983
False,488,True,12,User Circle,Red,26.5937,4.86653,-2.67995,-2.37141,-3.32749,False
False,488,True,11,circle,Blue,37.6541,4.07836,-0.370577,0.00235432,-0.531122,False
False,488,True,10,jar,Gray,36.9048,5.21809,0.0185936,0.0169205,0.0278039,False
False,488,True,7,circle,Green,27.1714,20.7518,7.15013,-4.79393,-17.464,False
False,488,True,6,bar,Gray,14.9767,15.7482,1.27779,-1.31387,0.209021,False
False,488,True,5,circle,Gray,13.3794,11.6461,0.353109,-6.4842e-10,-0.493981,False
False,489,False,,,,,,,,,True,begin,0,boundary,Black,21.3333,-0.416667,0,0,0,12,User Circle,Red,26.5516,4.82833,-2.70448,-2.45316,-3.31573
False,489,True,12,User Circle,Red,26.5483,4.83871,-3.01976,0.490633,-3.31504,False
False,489,True,11,circle,Blue,37.6478,4.07773,-0.376856,-0.0380207,-0.527605,False
False,489,True,10,jar,Gray,36.9041,5.21748,-0.040244,-0.0366167,0.0279887,False
False,489,True,7,circle,Green,27.2906,20.6692,7.15013,-4.95726,-17.5646,False
False,489,True,6,bar,Gray,14.9978,15.7259,1.26789,-1.3379,0.198665,False
False,489,True,5,circle,Gray,13.3852,11.6461,0.350366,-6.27598e-09,-0.495779,False
False,490,False,,,,,,,,,True,end,9,bar,Black,36.257,1.0393,0,0,0.0290888,12,User Circle,Red,26.5483,4.83871,-3.01976,0.490633,-3.31504
False,490,True,12,User Circle,Red,26.4979,4.84417,-3.01976,0.327299,-3.30463,False
False,490,True,11,circle,Blue,37.6414,4.07642,-0.383139,-0.0786945,-0.524143,False
False,490,True,10,jar,Gray,36.9025,5.21598,-0.0990708,-0.0901746,0.0284438,False
False,490,True,7,circle,Green,27.4098,20.5838,7.15013,-5.12059,-17.6652,False
False,490,True,6,bar,Gray,15.0187,15.7033,1.25787,-1.36084,0.188087,False
False,490,True,5,circle,Gray,13.391,11.6461,0.348043,-5.10411e-10,-0.497565,False
False,491,False,,,,,,,,,True,end,0,boundary,Black,21.3333,-0.416667,0,0,0,12,User Circle,Red,26.4979,4.84417,-3.01976,0.327299,-3.30463
False,491,False,,,,,,,,,True,begin,9,bar,Black,36.257,1.0393,0,0,0.0290888,10,jar,Gray,36.9025,5.21598,-0.0990708,-0.0901746,0.0284438
False,491,True,12,User Circle,Red,26.4476,4.8469,-3.01976,0.163966,-3.29421,False
False,491,True,11,circle,Blue,37.6351,4.07624,-0.38073,-0.0108206,-0.52051,False
False,491,True,10,jar,Gray,36.9025,5.21598,-6.7823e-06,3.63762e-06,0.0284438,False
False,491,True,7,circle,Green,27.5289,20.4958,7.15013,-5.28393,-17.7658,False
False,491,True,6,bar,Gray,15.0395,15.6803,1.24777,-1.38265,0.177289,False
False,491,True,5,circle,Gray,13.3968,11.646,0.346142,-6.83876e-10,-0.499342,False
False,495,False,,,,,,,,,True,begin,0,boundary,Black,21.3333,-0.416667,0,0,0,12,User Circle,Red,26.2966,4.83877,-3.01976,-0.326034,-3.26298
False,495,True,12,User Circle,Red,26.2463,4.83877,-3.01881,0,-3.25256,False
False,495,True,11,circle,Blue,37.6092,4.0755,-0.393012,-0.0111812,-0.505687,False
False,495,True,10,jar,Gray,36.9025,5.21598,4.7444e-10,8.08943e-10,0.0284438,False
False,495,True,7,circle,Green,28.0056,20.1163,7.15013,-5.93726,-18.1681,False
False,495,True,6,bar,Gray,15.121,15.5851,1.20695,-1.45783,0.131889,False
False,495,True,5,circle,Gray,13.4197,11.646,0.342783,-7.16363e-09,-0.506394,False
False,514,False,,,,,,,,,True,begin,4,bar,Black,14.9333,7.96444,0,0,0,12,User Circle,Red,25.3411,4.83877,-3.01579,0,-3.0652
False,514,True,12,User Circle,Red,25.3468,4.83854,0.320175,2.23517e-07,-3.06577,False
False,514,True,11,circle,Blue,37.475,4.07168,-0.451328,-0.0128403,-0.428877,False
False,514,True,10,jar,Gray,36.9025,5.21598,1.10665e-09,-1.9488e-09,0.0284438,False
False,514,True,7,circle,Green,30.2698,17.7189,7.15013,-9.04059,-20.075,False
False,514,True,6,bar,Gray,15.4757,15.1041,1.06742,-1.50192,-0.130101,False
False,514,True,5,circle,Gray,13.5367,11.6458,0.414887,5.35603e-09,-0.54241,False
False,518,False,,,,,,,,,True,end,4,bar,Black,14.9333,7.96444,0,0,0,12,User Circle,Red,25.3577,4.83854,0.217816,1.55394e-09,-3.06802
False,518,True,12,User Circle,Red,25.3613,4.83854,0.217804,0,-3.06878,False
False,518,True,11,circle,Blue,37.4444,4.07081,-0.463597,-0.0131894,-0.41136,False
False,518,True,10,jar,Gray,36.9025,5.21598,2.94489e-09,-2.94235e-09,0.0284438,False
False,518,True,7,circle,Green,30.7465,17.089,7.15013,-9.69392,-20.4757,False
False,518,True,6,bar,Gray,15.547,15.007,1.06926,-1.44201,-0.194187,False
False,518,True,5,circle,Gray,13.5655,11.6458,0.445725,5.92261e-09,-0.551316,False
False,545,False,,,,,,,,,True,begin,10,jar,Gray,36.9025,5.21598,-2.87085e-09,-1.06766e-09,0.0284438,7,circle,Green,33.8449,11.9328,7.15013,-13.9406,-23.0737
False,545,True,12,User Circle,Red,25.4593,4.83854,0.217477,0,-3.08905,False
False,545,True,11,circle,Blue,37.216,4.06873,-0.574505,0.248633,-0.281271,False
False,545,True,10,jar,Gray,36.8939,5.21855,-0.289248,0.234721,0.0310814,False
False,545,True,7,circle,Green,34.0195,11.9736,9.30943,-1.07523,-23.2342,False
False,545,True,6,bar,Gray,16.1284,14.5173,1.65962,-0.777146,-0.679654,False
False,545,True,5,circle,Gray,13.8266,11.6457,0.724019,-1.17936e-08,-0.632082,False
False,546,False,,,,,,,,,True,end,10,jar,Gray,36.8939,5.21855,-0.289248,0.234721,0.0310814,7,circle,Green,34.0195,11.9736,9.30943,-1.07523,-23.2342
False,546,False,,,,,,,,,True,end,9,bar,Black,36.257,1.0393,0,0,0.0290888,10,jar,Gray,36.8939,5.21855,-0.289248,0.234721,0.0310814
False,546,True,12,User Circle,Red,25.4629,4.83854,0.217465,0,-3.0898,False
False,546,True,11,circle,Blue,37.2065,4.07191,-0.571932,0.191034,-0.276341,False
False,546,True,10,jar,Gray,36.8901,5.22188,-0.228493,0.184567,0.0320359,False
False,546,True,7,circle,Green,34.1747,11.9529,9.30943,-1.23856,-23.3946,False
False,546,True,6,bar,Gray,16.1569,14.5048,1.70116,-0.758904,-0.698583,False
False,546,True,5,circle,Gray,13.8388,11.6458,0.735753,-9.35808e-09,-0.635858,False
False,549,False,,,,,,,,,True,begin,6,bar,Gray,16.2161,14.4806,1.78965,-0.730609,-0.736476,12,User Circle,Red,25.4701,4.83854,0.217441,0,-3.0913
False,549,True,12,User Circle,Red,25.4728,4.83837,0.150174,-8.31505e-09,-3.09182,False
False,549,True,11,circle,Blue,37.1782,4.07582,-0.564024,0.0219462,-0.260856,False
False,549,True,10,jar,Gray,36.8848,5.22647,-0.0448676,0.0360829,0.0333679,False
False,549,True,7,circle,Green,34.6402,11.8746,9.30943,-1.72856,-23.8758,False
False,549,True,6,bar,Gray,16.233,14.5112,1.05746,1.78614,-0.747351,False
False,549,True,5,circle,Gray,13.8764,11.6458,0.757588,5.87897e-09,-0.64747,False
False,550,False,,,,,,,,,True,end,6,bar,Gray,16.233,14.5112,1.05746,1.78614,-0.747351,5,circle,Gray,13.8764,11.6458,0.757588,5.87897e-09,-0.64747
False,550,True,12,User Circle,Red,25.4753,4.83837,0.150165,4.42378e-09,-3.09234,False
False,550,True,11,circle,Blue,37.1688,4.07526,-0.561418,-0.0336243,-0.255461,False
False,550,True,10,jar,Gray,36.885,5.22629,0.0164649,-0.0132361,0.0332889,False
False,550,True,7,circle,Green,34.7953,11.8431,9.30943,-1.89189,-24.0361,False
False,550,True,6,bar,Gray,16.2506,14.5383,1.05746,1.62281,-0.758252,False
False,550,True,5,circle,Gray,13.889,11.6459,0.757548,5.3127e-10,-0.651358,False
False,552,False,,,,,,,,,True,end,6,bar,Gray,16.2682,14.5626,1.05746,1.45948,-0.76915,12,User Circle,Red,25.4778,4.83837,0.150156,5.72024e-09,-3.09285
False,552,True,12,User Circle,Red,25.4803,4.83837,0.150148,0,-3.09337,False
False,552,True,11,circle,Blue,37.1502,4.07139,-0.556222,-0.143456,-0.244321,False
False,552,True,10,jar,Gray,36.8886,5.22342,0.139172,-0.111975,0.0323354,False
False,552,True,7,circle,Green,35.1057,11.7719,9.30943,-2.21856,-24.3567,False
False,552,True,6,bar,Gray,16.2858,14.5842,1.05746,1.29614,-0.780047,False
False,552,True,5,circle,Gray,13.9142,11.646,0.757468,0,-0.659133,False
False,556,False,,,,,,,,,True,begin,9,bar,Black,36.257,1.0393,0,0,0.0290888,10,jar,Gray,36.9017,5.21288,0.32297,-0.261253,0.0289038
False,556,True,12,User Circle,Red,25.4903,4.83837,0.150115,0,-3.09544,False
False,556,True,11,circle,Blue,37.113,4.05926,-0.580305,0.0259007,-0.221113,False
False,556,True,10,jar,Gray,36.9026,5.21393,0.0513331,0.0468193,0.0287164,False
False,556,True,7,circle,Green,35.7263,11.5968,9.30943,-2.87189,-24.9976,False
False,556,True,6,bar,Gray,16.3563,14.6434,1.05746,0.642809,-0.823616,False
False,556,True,5,circle,Gray,13.9647,11.6461,0.757303,0,-0.674681,False
False,559,False,,,,,,,,,True,begin,4,bar,Black,14.9333,7.96444,0,0,0,6,bar,Gray,16.3983,14.6576,1.05746,0.152809,-0.849571
False,559,True,12,User Circle,Red,25.4978,4.83837,0.15009,0,-3.097,False
False,559,True,11,circle,Blue,37.0835,4.05848,-0.592162,-0.0170405,-0.204251,False
False,559,True,10,jar,Gray,36.9026,5.21427,7.76868e-10,3.47215e-10,0.0287816,False
False,559,True,7,circle,Green,36.1918,11.4368,9.30943,-3.3619,-25.478,False
False,559,True,6,bar,Gray,16.419,14.6747,1.81487,1.49065,-0.850592,False
False,559,True,5,circle,Gray,14.0026,11.6461,0.757178,0,-0.68634,False
False,560,False,,,,,,,,,True,end,4,bar,Black,14.9333,7.96444,0,0,0,6,bar,Gray,16.419,14.6747,1.81487,1.49065,-0.850592
False,560,True,12,User Circle,Red,25.5003,4.83837,0.150081,0,-3.09751,False
False,560,True,11,circle,Blue,37.0736,4.05823,-0.595257,-0.0171375,-0.198571,False
False,560,True,10,jar,Gray,36.9026,5.2143,1.4478e-09,-3.38395e-09,0.0287912,False
False,560,True,7,circle,Green,36.3469,11.3781,9.30943,-3.52523,-25.6381,False
False,560,True,6,bar,Gray,16.4493,14.6969,1.81487,1.32732,-0.853701,False
False,560,True,5,circle,Gray,14.0152,11.6461,0.757136,0,-0.690226,False
False,562,False,,,,,,,,,True,begin,6,bar,Gray,16.4795,14.7163,1.81487,1.16399,-0.85681,12,User Circle,Red,25.5028,4.83837,0.150073,0,-3.09803
False,562,True,12,User Circle,Red,25.506,4.83837,0.190968,5.25931e-09,-3.09869,False
False,562,True,11,circle,Blue,37.0536,4.05774,-0.601452,-0.0173249,-0.187122,False
False,562,True,10,jar,Gray,36.9026,5.21433,-1.10959e-09,-1.49206e-09,0.0288031,False
False,562,True,7,circle,Green,36.6572,11.2524,9.30943,-3.8519,-25.9581,False
False,562,True,6,bar,Gray,16.5052,14.7373,1.54181,1.26045,-0.860039,False
False,562,True,5,circle,Gray,14.0404,11.6461,0.757053,0,-0.697996,False
False,577,False,,,,,,,,,True,begin,10,jar,Gray,36.9026,5.21434,-3.44348e-10,1.42137e-09,0.0288238,7,circle,Green,38.8295,10.0678,9.30943,-6.13856,-28.1956
False,577,True,12,User Circle,Red,25.5622,4.83837,0.254984,-4.7583e-09,-3.11032,False
False,577,True,11,circle,Blue,36.8979,4.06808,-0.600058,0.851289,-0.0961022,False
False,577,True,10,jar,Gray,36.9201,5.22955,0.975203,0.889153,0.0240908,False
False,577,True,7,circle,Green,38.827,10.049,0.26928,-1.15027,-28.2156,False
False,577,True,6,bar,Gray,16.7786,14.9338,0.69714,0.382544,-0.887731,False
False,577,True,5,circle,Gray,14.2296,11.6461,0.756422,0,-0.75625,False
False,578,False,,,,,,,,,True,end,9,bar,Black,36.257,1.0393,0,0,0.0290888,10,jar,Gray,36.9201,5.22955,0.975203,0.889153,0.0240908
False,578,True,12,User Circle,Red,25.5665,4.83837,0.259399,-5.84614e-09,-3.11121,False
False,578,True,11,circle,Blue,36.8878,4.08155,-0.604775,0.80456,-0.0885701,False
False,578,True,10,jar,Gray,36.9353,5.24342,0.91739,0.828595,0.0199084,False
False,578,True,7,circle,Green,38.8315,10.0271,0.269281,-1.31361,-28.2355,False
False,578,True,6,bar,Gray,16.7892,14.9393,0.640017,0.326276,-0.888202,False
False,578,True,5,circle,Gray,14.2422,11.6461,0.75638,0,-0.760132,False
False,579,False,,,,,,,,,True,end,10,jar,Gray,36.9353,5.24342,0.91739,0.828595,0.0199084,7,circle,Green,38.8315,10.0271,0.269281,-1.31361,-28.2355
False,579,True,12,User Circle,Red,25.5709,4.83837,0.263828,1.66909e-09,-3.11212,False
False,579,True,11,circle,Blue,36.8776,4.09424,-0.609384,0.756692,-0.0810832,False
False,579,True,10,jar,Gray,36.9497,5.25627,0.858959,0.769314,0.0160027,False
False,579,True,7,circle,Green,38.836,10.0025,0.269281,-1.47694,-28.2555,False
False,579,True,6,bar,Gray,16.799,14.9438,0.582853,0.270129,-0.888503,False
False,579,True,5,circle,Gray,14.2548,11.6461,0.756338,0,-0.764014,False
False,602,False,,,,,,,,,True,begin,10,jar,Gray,37.0094,5.3086,-0.478839,-0.410092,-0.000140915,7,circle,Green,38.9348,8.77225,0.269281,-5.07027,-28.694
False,602,True,12,User Circle,Red,25.6923,4.83837,0.363347,6.44674e-10,-3.13725,False
False,602,True,11,circle,Blue,36.6254,4.14241,-0.690633,-0.362711,0.0696846,False
False,602,True,10,jar,Gray,37.0039,5.30334,-0.377774,-0.324943,0.0014183,False
False,602,True,7,circle,Green,38.9067,8.70229,-1.39172,-4.22225,-28.6874,False
False,602,True,6,bar,Gray,16.758,14.7916,-0.740981,-1.00795,-0.848276,False
False,602,True,5,circle,Gray,14.5446,11.6461,0.755371,0,-0.853232,False
False,605,False,,,,,,,,,True,begin,6,bar,Gray,16.7304,14.7552,-0.856134,-1.12069,-0.840513,5,circle,Gray,14.5697,11.6461,0.755287,0,-0.860985
False,605,True,12,User Circle,Red,25.7117,4.83837,0.423955,3.46199e-09,-3.14126,False
False,605,True,11,circle,Blue,36.5904,4.11824,-0.703561,-0.546122,0.0866199,False
False,605,True,10,jar,Gray,36.9791,5.28185,-0.558504,-0.486032,0.00814771,False
False,605,True,7,circle,Green,38.8362,8.47499,-1.40069,-4.70685,-28.6676,False
False,605,True,6,bar,Gray,16.7375,14.7548,0.426113,-0.0231769,-0.836086,False
False,605,True,5,circle,Gray,14.5739,11.6461,0.25017,-8.77844e-09,-0.862269,False
False,606,False,,,,,,,,,True,end,6,bar,Gray,16.7375,14.7548,0.426113,-0.0231769,-0.836086,5,circle,Gray,14.5739,11.6461,0.25017,-8.77844e-09,-0.862269
False,606,True,12,User Circle,Red,25.7191,4.83837,0.448518,-4.98566e-09,-3.14281,False
False,606,True,11,circle,Blue,36.5786,4.10825,-0.707447,-0.600922,0.0921336,False
False,606,True,10,jar,Gray,36.969,5.27296,-0.610836,-0.534277,0.0109072,False
False,606,True,7,circle,Green,38.8114,8.39465,-1.48407,-4.82036,-28.6595,False
False,606,True,6,bar,Gray,16.7425,14.7526,0.300517,-0.137444,-0.832012,False
False,606,True,5,circle,Gray,14.5781,11.6461,0.250156,0,-0.863553,False
False,610,False,,,,,,,,,True,begin,6,bar,Gray,16.7457,14.7339,-0.0497297,-0.493677,-0.821809,5,circle,Gray,14.5906,11.6461,0.250114,0,-0.867404
False,610,True,12,User Circle,Red,25.7525,4.83837,0.516909,2.79397e-09,-3.14971,False
False,610,True,11,circle,Blue,36.5308,4.05887,-0.723855,-0.827753,0.113693,False
False,610,True,10,jar,Gray,36.9195,5.22898,-0.821213,-0.736584,0.0244015,False
False,610,True,7,circle,Green,38.6997,8.05362,-1.78399,-5.29743,-28.6151,False
False,610,True,6,bar,Gray,16.7492,14.7305,0.2015,-0.207279,-0.818513,False
False,610,True,5,circle,Gray,14.5943,11.6461,0.222921,-4.67692e-09,-0.868548,False
False,612,False,,,,,,,,,True,begin,9,bar,Black,36.257,1.0393,0,0,0.0290888,10,jar,Gray,36.9049,5.21581,-0.873942,-0.7898,0.0284028
False,612,True,12,User Circle,Red,25.77,4.83837,0.530798,-6.09896e-09,-3.15334,False
False,612,True,11,circle,Blue,36.5068,4.0513,-0.713465,0.431462,0.125352,False
False,612,True,10,jar,Gray,36.9022,5.22354,-0.163847,0.464029,0.0290763,False
False,612,True,7,circle,Green,38.638,7.87013,-1.84966,-5.58629,-28.5874,False
False,612,True,6,bar,Gray,16.757,14.7232,0.236768,-0.218279,-0.81205,False
False,612,True,5,circle,Gray,14.6019,11.6461,0.232029,-1.79625e-11,-0.870904,False
False,613,False,,,,,,,,,True,end,10,jar,Gray,36.9022,5.22354,-0.163847,0.464029,0.0290763,7,circle,Green,38.638,7.87013,-1.84966,-5.58629,-28.5874
False,613,False,,,,,,,,,True,end,9,bar,Black,36.257,1.0393,0,0,0.0290888,10,jar,Gray,36.9022,5.22354,-0.163847,0.464029,0.0290763
False,613,False,,,,,,,,,True,end,9,bar,Black,36.257,1.0393,0,0,0.0290888,10,jar,Gray,36.9022,5.22354,-0.163847,0.464029,0.0290763
False,613,False,,,,,,,,,True,end,9,bar,Black,36.257,1.0393,0,0,0.0290888,10,jar,Gray,36.9022,5.22354,-0.163847,0.464029,0.0290763
False,613,True,12,User Circle,Red,25.779,4.83837,0.539842,-6.20663e-09,-3.15521,False
False,613,True,11,circle,Blue,36.4949,4.05577,-0.713465,0.268129,0.13172,False
False,613,True,10,jar,Gray,36.8995,5.22855,-0.163847,0.300696,0.0297496,False
False,613,True,7,circle,Green,38.6072,7.7743,-1.84966,-5.74962,-28.5736,False
False,613,True,6,bar,Gray,16.7612,14.7198,0.245713,-0.212121,-0.808945,False
False,613,True,5,circle,Gray,14.6058,11.646,0.237038,-5.6233e-09,-0.872121,False
False,618,False,,,,,,,,,True,begin,9,bar,Black,36.257,1.0393,0,0,0.0290888,10,jar,Gray,36.8885,5.22138,-0.163847,-0.352638,0.0324416
False,618,False,,,,,,,,,True,begin,9,bar,Black,36.257,1.0393,0,0,0.0290888,10,jar,Gray,36.8885,5.22138,-0.163847,-0.352638,0.0324416
False,618,True,12,User Circle,Red,25.8265,4.83837,0.589619,1.2856e-09,-3.16504,False
False,618,True,11,circle,Blue,36.4356,4.04515,-0.70216,-0.076468,0.164051,False
False,618,True,10,jar,Gray,36.8898,5.22092,0.0753274,-0.0606888,0.032014,False
False,618,True,7,circle,Green,38.4531,7.25434,-1.84966,-6.56629,-28.5043,False
False,618,True,6,bar,Gray,16.784,14.703,0.29033,-0.199987,-0.794963,False
False,618,True,5,circle,Gray,14.6258,11.6461,0.243331,4.41429e-10,-0.878305,False
False,622,False,,,,,,,,,True,begin,9,bar,Black,36.257,1.0393,0,0,0.0290888,10,jar,Gray,36.8995,5.21373,0.253688,-0.205163,0.0293349
False,622,True,12,User Circle,Red,25.867,4.83837,0.617248,1.25487e-09,-3.17341,False
False,622,True,11,circle,Blue,36.3887,4.03764,-0.721184,0.00195886,0.19226,False
False,622,True,10,jar,Gray,36.8998,5.21401,0.0224399,0.0204782,0.0292334,False
False,622,True,7,circle,Green,38.3298,6.78936,-1.84966,-7.21962,-28.449,False
False,622,True,6,bar,Gray,16.806,14.6893,0.34965,-0.209282,-0.785258,False
False,622,True,5,circle,Gray,14.6429,11.6461,0.266266,-4.56956e-09,-0.883592,False
True,628,False,,,,,,,,,True,begin,7,circle,Green,38.1756,6.14689,-1.84966,-8.03629,-28.3799,11,circle,Blue,36.3277,4.03618,-0.737918,-0.0215801,0.227169
True,628,True,12,User Circle,Red,25.9312,4.83837,0.661107,-3.7885e-09,-3.18671,False
True,628,True,11,circle,Blue,36.3092,4.03567,-1.10961,-0.0324779,0.237758,False
True,628,True,10,jar,Gray,36.8998,5.21386,4.13934e-05,1.20465e-06,0.0292348,False
True,628,True,7,circle,Green,38.2035,6.13574,1.67181,-0.670058,-28.4362,False
True,628,True,6,bar,Gray,16.8457,14.6679,0.42636,-0.218309,-0.772731,False
True,628,True,5,circle,Gray,14.6713,11.6461,0.295832,5.53791e-09,-0.892353,False
False,630,False,,,,,,,,,True,end,7,circle,Green,38.2314,6.12185,1.67182,-0.833391,-28.4926,11,circle,Blue,36.2907,4.03515,-1.11277,-0.032541,0.248376
False,630,True,12,User Circle,Red,25.9535,4.83837,0.671427,2.44572e-09,-3.19133,False
False,630,True,11,circle,Blue,36.2721,4.03464,-1.11588,-0.0326301,0.259024,False
False,630,True,10,jar,Gray,36.8998,5.21386,2.21826e-09,-2.0651e-09,0.0292324,False
False,630,True,7,circle,Green,38.2593,6.10524,1.67182,-0.996724,-28.5489,False
False,630,True,6,bar,Gray,16.8603,14.6606,0.442846,-0.221949,-0.76888,False
False,630,True,5,circle,Gray,14.6814,11.6461,0.304289,-1.0487e-09,-0.895455,False
False,641,False,,,,,,,,,True,begin,10,jar,Gray,36.8998,5.21385,9.69505e-10,4.77084e-09,0.0292253,11,circle,Blue,36.0832,4.02923,-1.14705,-0.0335325,0.367135
False,641,True,12,User Circle,Red,26.0822,4.83837,0.726926,4.48559e-09,-3.21796,False
False,641,True,11,circle,Blue,36.0814,4.03484,-0.109595,0.336693,0.370203,False
False,641,True,10,jar,Gray,36.8948,5.21371,-0.30078,-0.0087518,0.029225,False
False,641,True,7,circle,Green,38.5657,5.74284,1.67182,-2.79339,-29.168,False
False,641,True,6,bar,Gray,16.9511,14.6181,0.539374,-0.241004,-0.747184,False
False,641,True,5,circle,Gray,14.7419,11.6461,0.35289,4.08286e-09,-0.914115,False
False,642,False,,,,,,,,,True,begin,10,jar,Gray,36.8948,5.21371,-0.30078,-0.0087518,0.029225,7,circle,Green,38.5657,5.74284,1.67182,-2.79339,-29.168
False,642,False,,,,,,,,,True,end,10,jar,Gray,36.8948,5.21371,-0.30078,-0.0087518,0.029225,11,circle,Blue,36.0814,4.03484,-0.109595,0.336693,0.370203
False,642,True,12,User Circle,Red,26.0944,4.83837,0.731855,6.49624e-09,-3.22049,False
False,642,True,11,circle,Blue,36.081,4.03864,-0.0256507,0.227904,0.372418,False
False,642,True,10,jar,Gray,36.8969,5.21359,2.79062e-05,7.96683e-07,0.0291551,False
False,642,True,7,circle,Green,38.5453,5.71496,-0.516823,-1.71069,-29.1901,False
False,642,True,6,bar,Gray,16.9603,14.614,0.548605,-0.242646,-0.745174,False
False,642,True,5,circle,Gray,14.7479,11.6461,0.357466,8.96964e-10,-0.915949,False
False,645,False,,,,,,,,,True,end,10,jar,Gray,36.8969,5.21359,-8.84027e-10,-1.19963e-09,0.0291551,7,circle,Green,38.5281,5.64977,-0.516824,-2.03736,-29.2342
False,645,True,12,User Circle,Red,26.1315,4.83837,0.746518,4.35645e-09,-3.22817,False
False,645,True,11,circle,Blue,36.0814,4.03482,0.0257898,-0.228692,0.378016,False
False,645,True,10,jar,Gray,36.8969,5.21359,6.71555e-10,-3.92444e-10,0.0291551,False
False,645,True,7,circle,Green,38.5195,5.6131,-0.516824,-2.20069,-29.2563,False
False,645,True,6,bar,Gray,16.9887,14.6018,0.576721,-0.24747,-0.739112,False
False,645,True,5,circle,Gray,14.7662,11.6461,0.371341,-7.08723e-09,-0.921595,False
True,647,False,,,,,,,,,True,begin,10,jar,Gray,36.8969,5.21359,1.17087e-09,-7.89365e-10,0.0291551,11,circle,Blue,36.0821,4.02847,0.0429522,-0.38088,0.379534
True,647,True,12,User Circle,Red,26.1566,4.83837,0.756185,3.58212e-10,-3.23337,False
True,647,True,11,circle,Blue,36.0821,4.02856,7.64728e-07,-4.32432e-09,0.379534,False
True,647,True,10,jar,Gray,36.8969,5.21355,1.19255e-07,2.01204e-09,0.0291568,False
True,647,True,7,circle,Green,38.5023,5.53157,-0.516824,-2.52736,-29.3005,False
True,647,True,6,bar,Gray,17.0084,14.5935,0.595806,-0.250599,-0.735047,False
True,647,True,5,circle,Gray,14.7788,11.6461,0.380706,4.01546e-09,-0.925479,False
True,649,False,,,,,,,,,True,begin,7,circle,Green,38.4936,5.48673,-0.516824,-2.69069,-29.3225,11,circle,Blue,36.0821,4.02863,0.000317301,8.43743e-06,0.379531
True,649,True,12,User Circle,Red,26.182,4.83837,0.765762,-3.99036e-09,-3.23863,False
True,649,True,11,circle,Blue,36.0809,4.02856,-0.0639994,-0.0018734,0.379531,False
True,649,True,10,jar,Gray,36.8959,5.21348,-0.0640146,-0.00186264,0.0291556,False
True,649,True,7,circle,Green,38.5151,5.46244,1.25547,-1.47492,-29.3527,False
True,649,True,6,bar,Gray,17.0288,14.5851,0.615154,-0.253656,-0.730964,False
True,649,True,5,circle,Gray,14.7917,11.6461,0.39016,5.27618e-09,-0.929459,False
True,651,False,,,,,,,,,True,begin,10,jar,Gray,36.8959,5.21347,-4.4987e-05,-1.29957e-06,0.0291539,7,circle,Green,38.536,5.43513,1.25547,-1.63826,-29.3828
True,651,True,12,User Circle,Red,26.2078,4.83837,0.775247,-1.28897e-09,-3.24397,False
True,651,True,11,circle,Blue,36.0803,4.02857,-0.0295704,-0.0036107,0.379575,False
True,651,True,10,jar,Gray,36.8962,5.21345,0.00122501,0.000813038,0.0291437,False
True,651,True,7,circle,Green,38.5302,5.43594,-0.264607,0.0348423,-29.383,False
True,651,True,6,bar,Gray,17.0498,14.5766,0.634754,-0.256637,-0.726865,False
True,651,True,5,circle,Gray,14.805,11.6461,0.399698,-4.56639e-09,-0.933537,False
True,678,False,,,,,,,,,True,begin,9,bar,Black,36.257,1.0393,0,0,0.0290888,12,User Circle,Red,26.5701,4.83837,0.88936,-5.64574e-09,-3.31895
True,678,True,12,User Circle,Red,26.5785,4.84631,0.512523,0.471977,-3.32136,False
True,678,True,11,circle,Blue,36.0789,4.02843,1.5987e-08,7.23103e-10,0.379636,False
True,678,True,10,jar,Gray,36.8976,5.21331,-3.09372e-09,2.56503e-09,0.0290796,False
True,678,True,7,circle,Green,38.5259,5.4426,6.58727e-08,6.12766e-08,-29.3831,False
True,678,True,6,bar,Gray,17.3921,14.4597,0.397163,0.0937104,-0.670798,False
True,678,True,5,circle,Gray,15.0151,11.6461,0.493793,-2.27428e-09,-0.998296,False
True,679,False,,,,,,,,,True,end,0,boundary,Black,21.3333,-0.416667,0,0,0,12,User Circle,Red,26.5785,4.84631,0.512523,0.471977,-3.32136
True,679,True,12,User Circle,Red,26.5863,4.85356,0.470775,0.431449,-3.32356,False
True,679,True,11,circle,Blue,36.079,4.02844,1.40981e-08,4.92918e-09,0.379636,False
True,679,True,10,jar,Gray,36.8976,5.21331,-4.34886e-09,3.55677e-09,0.0290798,False
True,679,True,7,circle,Green,38.5259,5.44277,4.64625e-08,4.43037e-08,-29.3831,False
True,679,True,6,bar,Gray,17.3982,14.4611,0.364109,0.0785367,-0.668935,False
True,679,True,5,circle,Gray,15.0225,11.6461,0.44277,-2.91179e-09,-1.00057,False
True,702,False,,,,,,,,,True,begin,0,boundary,Black,21.3333,-0.416667,0,0,0,12,User Circle,Red,26.5704,4.83946,-0.54543,-0.499511,-3.31916
True,702,True,12,User Circle,Red,26.5621,4.83946,-0.497107,-2.43447e-08,-3.31745,False
True,702,True,11,circle,Blue,36.079,4.02846,0,0,0.379636,False
True,702,True,10,jar,Gray,36.8976,5.21331,0,0,0.0290802,False
True,702,True,7,circle,Green,38.5258,5.4431,0,0,-29.3831,False
True,702,True,6,bar,Gray,17.4228,14.4659,-0.443508,0.267679,-0.663596,False
True,702,True,5,circle,Gray,15.0521,11.6461,-0.0806402,-4.42327e-09,-1.0097,False
True,703,False,,,,,,,,,True,end,9,bar,Black,36.257,1.0393,0,0,0.0290888,12,User Circle,Red,26.5621,4.83946,-0.497107,-2.43447e-08,-3.31745
True,703,True,12,User Circle,Red,26.5541,4.83946,-0.482507,-2.24524e-09,-3.31578,False
True,703,True,11,circle,Blue,36.079,4.02846,0,0,0.379636,False
True,703,True,10,jar,Gray,36.8976,5.21331,0,0,0.0290802,False
True,703,True,7,circle,Green,38.5258,5.4431,0,0,-29.3831,False
True,703,True,6,bar,Gray,17.4154,14.47,-0.444282,0.241195,-0.664906,False
True,703,True,5,circle,Gray,15.0502,11.6461,-0.119119,-1.43044e-09,-1.00909,False
True,728,False,,,,,,,,,True,end,6,bar,Gray,17.2589,14.5234,-0.320381,0.109158,-0.686944,12,User Circle,Red,26.3997,4.83946,-0.325307,-1.9398e-09,-3.28382
True,728,True,12,User Circle,Red,26.3942,4.83946,-0.325288,-3.25963e-09,-3.28269,False
True,728,True,11,circle,Blue,36.079,4.02846,0,0,0.379636,False
True,728,True,10,jar,Gray,36.8976,5.21331,0,0,0.0290802,False
True,728,True,7,circle,Green,38.5258,5.4431,0,0,-29.3831,False
True,728,True,6,bar,Gray,17.2541,14.5249,-0.287461,0.0907927,-0.687743,False
True,728,True,5,circle,Gray,14.9585,11.6461,-0.180424,3.2263e-09,-0.980884,False
True,729,False,,,,,,,,,True,begin,6,bar,Gray,17.2541,14.5249,-0.287461,0.0907927,-0.687743,12,User Circle,Red,26.3942,4.83946,-0.325288,-3.25963e-09,-3.28269
True,729,True,12,User Circle,Red,26.389,4.83946,-0.31493,2.0209e-09,-3.28161,False
True,729,True,11,circle,Blue,36.079,4.02846,0,0,0.379636,False
True,729,True,10,jar,Gray,36.8976,5.21331,0,0,0.0290802,False
True,729,True,7,circle,Green,38.5258,5.4431,0,0,-29.3831,False
True,729,True,6,bar,Gray,17.249,14.5267,-0.308173,0.10577,-0.688504,False
True,729,True,5,circle,Gray,14.9555,11.6461,-0.183364,8.98581e-10,-0.979943,False
